390108.004  -2422932.397  5332623.359  2475684.885  21.222  -35.004  -14.845  
390108.104  -2416817.889  5384679.808  2408124.382  1.014  -2.240  -0.668  
390108.204  -2416977.224  5385218.486  2408090.534  0.181  -0.315  -0.027  
390108.304  -2416977.616  5385224.955  2408092.356  0.048  -0.222  -0.188  
390108.404  -2416975.011  5385221.664  2408086.891  -0.020  0.388  -0.008  
390108.504  -2416978.613  5385229.120  2408090.544  0.067  -0.107  0.104  
390108.604  -2416982.170  5385228.861  2408090.478  -0.233  0.324  0.219  
390108.704  -2416982.669  5385231.357  2408090.798  0.036  -0.020  0.058  
390108.804  -2416986.081  5385233.801  2408088.719  0.003  -0.011  0.027  
390108.904  -2416983.525  5385231.400  2408086.370  -0.062  -0.148  -0.062  
390109.004  -2416986.573  5385231.058  2408087.423  0.030  0.024  0.019  
390109.104  -2416987.157  5385234.872  2408086.863  0.465  -0.448  -0.153  
390109.204  -2416980.057  5385230.598  2408085.678  0.044  -0.108  -0.100  
390109.304  -2416981.528  5385231.550  2408086.401  0.050  0.005  0.053  
390109.404  -2416979.569  5385226.479  2408086.515  -0.022  0.137  -0.051  
390109.504  -2416981.995  5385229.019  2408084.363  -0.040  0.105  -0.060  
390109.604  -2416980.016  5385230.177  2408084.905  -0.061  0.129  -0.099  
390109.704  -2416979.770  5385230.027  2408085.839  -0.026  0.196  0.120  
390109.804  -2416982.682  5385231.510  2408086.671  0.071  -0.272  0.002  
390109.904  -2416980.922  5385231.338  2408089.067  0.090  0.037  -0.069  
390110.004  -2416980.984  5385231.716  2408090.789  -0.027  -0.134  0.026  
390110.104  -2416979.446  5385229.321  2408091.627  -0.106  -0.034  -0.127  
390110.204  -2416980.038  5385227.899  2408088.596  0.139  -0.196  0.127  
390110.304  -2416978.926  5385219.989  2408084.431  -0.105  0.203  -0.062  
390110.404  -2416981.918  5385223.558  2408086.443  0.101  -0.229  0.022  
390110.504  -2416983.081  5385229.088  2408085.709  0.107  -0.037  -0.014  
390110.604  -2416981.455  5385226.290  2408086.755  0.202  -0.386  0.049  
390110.704  -2416979.148  5385220.350  2408087.191  0.087  -0.238  0.033  
390110.804  -2416981.801  5385225.051  2408088.141  0.037  -0.116  -0.120  
390110.904  -2416980.778  5385221.595  2408088.965  0.052  -0.078  0.005  
390111.004  -2416981.395  5385224.692  2408091.718  -0.110  0.111  0.045  
390111.104  -2416981.495  5385228.505  2408091.500  0.159  -0.440  -0.045  
390111.204  -2416980.408  5385229.780  2408090.792  -0.000  0.246  0.079  
390111.304  -2416981.533  5385231.078  2408087.551  -0.111  0.135  -0.023  
390111.404  -2416983.671  5385231.606  2408087.155  -0.063  -0.002  0.045  
390111.504  -2416982.655  5385229.183  2408087.232  0.101  -0.031  0.083  
390111.604  -2416984.115  5385231.969  2408085.214  0.189  -0.227  -0.234  
390111.704  -2416985.815  5385233.064  2408087.431  0.038  -0.109  -0.034  
390111.804  -2416986.669  5385236.808  2408087.834  0.134  0.114  -0.169  
390111.904  -2416982.258  5385228.824  2408090.110  0.140  0.013  0.169  
390112.004  -2416984.526  5385230.154  2408089.927  -0.055  0.168  0.130  
390112.104  -2416983.729  5385232.703  2408090.791  0.128  0.147  -0.058  
390112.204  -2416983.987  5385235.569  2408092.231  0.133  -0.401  -0.007  
390112.304  -2416982.661  5385231.821  2408090.947  -0.068  -0.128  -0.008  
390112.404  -2416982.540  5385228.874  2408088.015  -0.366  0.271  0.024  
390112.504  -2416981.895  5385226.201  2408089.634  -0.020  -0.145  -0.036  
390112.604  -2416982.215  5385224.845  2408087.743  -0.027  0.030  -0.020  
390112.704  -2416979.280  5385223.306  2408088.431  0.070  -0.144  0.055  
390112.804  -2416977.438  5385221.622  2408090.822  -0.004  -0.040  -0.018  
390112.904  -2416976.004  5385221.453  2408090.631  0.060  -0.069  -0.013  
390113.004  -2416978.419  5385225.711  2408093.375  0.019  0.209  0.111  
390113.104  -2416980.941  5385228.332  2408092.813  -0.097  0.151  0.123  
390113.204  -2416981.710  5385230.708  2408090.920  -0.111  -0.049  0.009  
390113.304  -2416981.114  5385229.420  2408088.395  -0.049  0.164  -0.024  
390113.404  -2416982.357  5385227.049  2408087.944  0.089  -0.224  -0.056  
390113.504  -2416983.140  5385228.523  2408092.031  -0.046  0.170  0.177  
390113.604  -2416983.490  5385231.453  2408089.737  -0.071  0.203  -0.045  
390113.704  -2416984.469  5385235.087  2408089.991  -0.160  0.143  0.076  
390113.804  -2416982.286  5385231.998  2408087.988  -0.023  0.151  -0.038  
390113.904  -2416984.249  5385235.064  2408088.884  -0.033  0.047  -0.103  
390114.004  -2416985.973  5385237.748  2408089.848  0.098  -0.006  0.037  
390114.104  -2416984.918  5385231.276  2408093.752  0.039  0.104  0.007  
390114.204  -2416986.556  5385229.124  2408094.905  -0.022  0.298  -0.065  
390114.304  -2416988.462  5385230.306  2408089.585  0.013  0.167  -0.017  
390114.404  -2416992.146  5385231.619  2408090.617  -0.008  -0.014  0.093  
390114.504  -2416988.920  5385230.646  2408087.959  0.031  0.027  0.096  
390114.604  -2416986.033  5385224.834  2408086.061  -0.012  -0.167  -0.013  
390114.704  -2416983.334  5385222.351  2408083.499  0.044  -0.306  -0.042  
390114.804  -2416982.112  5385221.646  2408087.242  0.128  -0.169  -0.095  
390114.904  -2416980.976  5385220.186  2408085.297  0.005  0.045  0.104  
390115.004  -2416979.512  5385222.808  2408085.258  -0.017  -0.127  -0.046  
390115.104  -2416979.223  5385221.979  2408085.857  0.083  0.078  -0.087  
390115.204  -2416979.876  5385225.313  2408084.358  0.055  -0.218  0.051  
390115.304  -2416980.711  5385229.907  2408084.247  -0.349  0.086  0.196  
390115.404  -2416985.902  5385237.280  2408084.062  0.041  -0.118  0.005  
390115.504  -2416985.471  5385238.913  2408085.350  -0.153  0.144  0.073  
390115.604  -2416985.625  5385234.982  2408086.329  0.084  -0.028  -0.064  
390115.704  -2416986.456  5385237.171  2408090.388  -0.253  0.249  -0.088  
390115.804  -2416986.280  5385234.377  2408088.630  0.052  -0.105  -0.158  
390115.904  -2416983.437  5385232.035  2408091.233  0.004  0.059  -0.023  
390116.004  -2416981.243  5385232.089  2408089.889  0.025  -0.153  -0.073  
390116.104  -2416979.163  5385229.005  2408092.082  -0.052  -0.302  -0.189  
390116.204  -2416981.006  5385232.841  2408089.610  -0.078  0.052  -0.022  
390116.304  -2416979.189  5385228.874  2408091.980  -0.014  0.183  0.188  
390116.404  -2416977.799  5385222.310  2408089.935  0.023  0.189  -0.093  
390116.504  -2416980.257  5385220.218  2408089.567  0.032  0.006  -0.032  
390116.604  -2416984.134  5385222.904  2408089.288  -0.077  -0.208  -0.116  
390116.704  -2416984.491  5385221.076  2408092.345  0.144  -0.047  -0.060  
390116.804  -2416982.809  5385223.403  2408091.060  0.082  -0.075  -0.024  
390116.904  -2416986.805  5385231.109  2408090.049  -0.259  0.432  0.073  
390117.004  -2416989.593  5385234.225  2408090.792  -0.037  0.082  -0.102  
390117.104  -2416989.612  5385237.485  2408090.310  0.020  -0.025  -0.001  
390117.204  -2416990.507  5385240.139  2408091.141  -0.173  0.265  0.025  
390117.304  -2416991.706  5385242.891  2408091.860  0.267  -0.085  -0.091  
390117.404  -2416993.625  5385245.916  2408088.174  -0.071  0.158  -0.068  
390117.504  -2416988.798  5385240.917  2408087.028  0.072  -0.247  0.020  
390117.604  -2416988.094  5385242.730  2408087.099  0.120  0.211  -0.127  
390117.704  -2416988.011  5385243.259  2408086.354  -0.091  0.134  -0.002  
390117.804  -2416988.859  5385245.122  2408085.387  -0.128  -0.102  -0.049  
390117.904  -2416985.415  5385236.780  2408085.350  0.165  0.290  0.093  
390118.004  -2416986.376  5385235.869  2408085.316  0.040  0.033  -0.024  
390118.104  -2416984.436  5385232.498  2408086.378  -0.020  0.108  -0.015  
390118.204  -2416985.717  5385231.610  2408088.289  0.178  -0.381  -0.009  
390118.304  -2416983.110  5385226.803  2408089.116  0.166  -0.405  -0.100  
390118.404  -2416982.199  5385228.820  2408089.020  -0.142  0.108  0.018  
390118.504  -2416981.491  5385228.114  2408088.387  0.063  -0.029  0.027  
390118.604  -2416980.465  5385229.169  2408089.556  0.136  -0.244  -0.044  
390118.704  -2416980.753  5385228.301  2408091.850  0.116  -0.104  0.131  
390118.804  -2416979.442  5385225.086  2408093.312  0.013  -0.186  0.054  
390118.904  -2416978.020  5385224.432  2408093.139  0.141  0.129  -0.202  
390119.004  -2416981.082  5385228.928  2408092.187  -0.029  -0.502  -0.249  
390119.104  -2416978.730  5385226.203  2408089.683  0.293  -0.522  -0.107  
390119.204  -2416980.095  5385228.292  2408090.010  0.256  -0.151  -0.025  
390119.304  -2416979.119  5385228.048  2408091.103  -0.166  0.262  0.059  
390119.404  -2416979.122  5385226.972  2408089.511  -0.005  0.070  -0.007  
390119.504  -2416978.452  5385221.862  2408086.934  -0.007  0.014  -0.056  
390119.604  -2416979.321  5385220.595  2408085.559  -0.066  0.177  -0.002  
390119.704  -2416980.684  5385223.894  2408087.475  -0.219  0.241  -0.033  
390119.804  -2416982.294  5385226.609  2408087.666  0.037  0.182  0.020  
390119.904  -2416982.760  5385229.357  2408087.743  0.136  -0.133  -0.091  
390120.004  -2416983.897  5385230.872  2408090.409  0.077  -0.011  -0.068  
390120.104  -2416983.303  5385230.006  2408090.567  -0.011  -0.009  -0.035  
390120.204  -2416985.340  5385233.099  2408091.355  0.097  -0.202  -0.088  
390120.304  -2416989.392  5385239.839  2408093.190  -0.036  0.254  0.217  
390120.404  -2416987.719  5385236.899  2408091.931  0.051  0.005  -0.044  
390120.504  -2416986.213  5385236.220  2408093.015  -0.039  0.293  0.052  
390120.604  -2416984.263  5385233.096  2408091.415  -0.035  0.114  -0.008  
390120.704  -2416989.837  5385238.014  2408092.263  -0.127  0.238  0.089  
390120.804  -2416987.101  5385234.049  2408091.931  0.043  -0.509  -0.072  
390120.904  -2416989.387  5385235.967  2408093.715  0.162  -0.288  -0.081  
390121.004  -2416988.137  5385232.221  2408089.475  0.006  -0.044  0.079  
390121.104  -2416988.153  5385232.504  2408087.819  -0.081  0.030  -0.019  
390121.204  -2416987.987  5385232.004  2408087.483  -0.177  -0.037  -0.041  
390121.304  -2416987.070  5385232.500  2408085.984  -0.073  0.269  -0.013  
390121.404  -2416988.159  5385236.432  2408084.810  0.113  -0.273  0.052  
390121.504  -2416990.913  5385238.383  2408084.829  0.075  -0.244  -0.100  
390121.604  -2416988.607  5385236.164  2408083.562  -0.180  -0.353  -0.173  
390121.704  -2416988.944  5385239.081  2408086.908  0.015  -0.160  -0.107  
390121.804  -2416983.469  5385233.633  2408086.349  0.021  -0.091  -0.098  
390121.904  -2416982.425  5385231.592  2408088.524  -0.110  0.111  0.139  
390122.004  -2416984.866  5385235.481  2408086.674  0.005  0.024  0.204  
390122.104  -2416980.064  5385226.993  2408086.891  0.019  -0.141  0.009  
390122.204  -2416982.323  5385230.100  2408090.507  -0.059  0.130  0.043  
390122.304  -2416983.089  5385231.932  2408090.886  -0.252  0.220  -0.076  
390122.404  -2416983.184  5385234.621  2408090.417  -0.134  -0.219  -0.132  
390122.504  -2416981.225  5385231.585  2408090.335  -0.096  0.245  0.107  
390122.604  -2416980.129  5385230.987  2408091.949  0.150  0.057  -0.189  
390122.704  -2416981.750  5385225.526  2408088.250  0.019  0.082  0.108  
390122.804  -2416984.469  5385229.742  2408086.488  -0.044  0.131  -0.030  
390122.904  -2416982.126  5385225.097  2408091.170  -0.057  0.290  0.160  
390123.004  -2416982.014  5385227.074  2408090.016  -0.126  -0.059  0.081  
390123.104  -2416983.372  5385231.515  2408089.787  0.065  -0.014  -0.043  
390123.204  -2416983.099  5385231.541  2408088.078  -0.111  0.321  0.028  
390123.304  -2416981.985  5385229.632  2408089.135  0.057  -0.149  0.068  
390123.404  -2416987.342  5385238.981  2408087.586  0.086  0.049  0.025  
390123.504  -2416984.759  5385237.609  2408088.537  0.010  -0.168  -0.015  
390123.604  -2416985.244  5385238.653  2408088.749  0.228  -0.578  -0.032  
390123.704  -2416986.421  5385234.532  2408088.735  0.145  -0.406  -0.032  
390123.804  -2416982.663  5385229.537  2408088.328  0.120  -0.024  -0.066  
390123.904  -2416981.117  5385225.226  2408086.383  0.002  -0.012  0.025  
390124.004  -2416979.756  5385225.781  2408086.003  -0.038  0.112  -0.026  
390124.104  -2416980.696  5385228.219  2408089.903  -0.027  0.180  -0.052  
390124.204  -2416982.391  5385230.493  2408090.640  -0.008  -0.196  0.024  
390124.304  -2416984.147  5385230.603  2408088.997  0.045  0.061  0.088  
390124.404  -2416986.008  5385230.535  2408088.364  -0.037  0.034  0.064  
390124.504  -2416984.714  5385233.208  2408091.658  0.068  -0.327  -0.119  
390124.604  -2416987.328  5385237.441  2408089.752  -0.022  0.212  0.033  
390124.704  -2416989.359  5385238.944  2408089.462  -0.217  0.587  0.118  
390124.804  -2416991.064  5385238.048  2408092.013  0.011  -0.125  0.072  
390124.904  -2416990.689  5385238.766  2408093.056  -0.049  -0.073  0.051  
390125.004  -2416984.678  5385234.731  2408092.269  0.016  -0.098  0.064  
390125.104  -2416984.870  5385238.365  2408091.769  -0.260  0.426  -0.023  
390125.204  -2416985.272  5385238.239  2408089.479  -0.181  0.257  -0.002  
390125.304  -2416983.172  5385236.899  2408087.525  0.073  -0.004  -0.003  
390125.404  -2416980.396  5385233.194  2408089.349  -0.037  -0.061  0.083  
390125.504  -2416980.210  5385234.194  2408090.528  -0.064  0.115  -0.018  
390125.604  -2416983.333  5385234.925  2408089.311  0.031  0.063  -0.084  
390125.704  -2416982.278  5385230.012  2408095.163  -0.151  -0.051  0.006  
390125.804  -2416978.340  5385227.006  2408089.316  0.052  -0.108  -0.089  
390125.904  -2416980.078  5385225.111  2408089.578  0.066  -0.261  -0.096  
390126.004  -2416979.504  5385227.256  2408089.025  0.156  -0.079  -0.038  
390126.104  -2416984.186  5385228.534  2408089.938  -0.020  0.057  0.039  
390126.204  -2416980.809  5385229.542  2408089.925  -0.073  0.380  -0.055  
390126.304  -2416983.222  5385228.160  2408088.805  -0.091  0.162  -0.083  
390126.404  -2416984.612  5385232.625  2408089.462  -0.105  0.192  0.028  
390126.504  -2416984.752  5385234.214  2408086.629  -0.058  0.187  0.122  
390126.604  -2416982.382  5385235.754  2408087.526  0.026  0.082  0.105  
390126.704  -2416984.534  5385238.445  2408089.851  0.049  0.099  0.131  
390126.804  -2416982.475  5385228.426  2408085.359  -0.167  0.172  0.109  
390126.904  -2416982.891  5385230.662  2408086.733  0.014  -0.003  -0.113  
390127.004  -2416985.132  5385232.693  2408087.324  -0.138  0.014  0.086  
390127.104  -2416986.751  5385236.697  2408091.721  0.031  0.305  0.107  
390127.204  -2416987.060  5385238.247  2408091.220  0.202  -0.226  -0.039  
390127.304  -2416983.886  5385234.629  2408092.935  0.314  -0.397  -0.211  
390127.404  -2416984.096  5385235.192  2408091.668  0.114  -0.157  0.016  
390127.504  -2416983.211  5385232.460  2408089.707  0.096  -0.023  0.006  
390127.604  -2416982.688  5385232.194  2408088.090  -0.026  0.019  0.045  
390127.704  -2416985.154  5385234.237  2408088.145  0.210  -0.365  -0.174  
390127.804  -2416984.469  5385234.986  2408088.081  0.149  -0.224  -0.104  
390127.904  -2416983.593  5385230.578  2408088.168  0.246  -0.185  0.073  
390128.004  -2416981.957  5385229.504  2408086.727  -0.316  0.541  -0.125  
390128.104  -2416982.331  5385230.049  2408086.569  -0.004  -0.248  -0.170  
390128.204  -2416983.986  5385231.014  2408085.687  0.020  0.001  0.056  
390128.304  -2416986.243  5385234.749  2408086.086  0.067  -0.171  -0.128  
390128.404  -2416982.092  5385229.966  2408091.107  -0.107  0.255  0.115  
390128.504  -2416983.339  5385231.301  2408090.988  -0.014  0.130  0.063  
390128.604  -2416984.855  5385230.421  2408092.051  0.076  -0.106  -0.015  
390128.704  -2416986.865  5385234.791  2408091.939  0.148  -0.217  -0.064  
390128.804  -2416986.059  5385232.487  2408089.912  -0.034  -0.054  0.078  
390128.904  -2416982.847  5385230.573  2408088.907  0.025  -0.095  -0.041  
390129.004  -2416980.559  5385227.337  2408091.391  0.045  0.019  -0.082  
390129.104  -2416981.014  5385225.714  2408088.305  -0.080  0.018  -0.077  
390129.204  -2416983.519  5385228.981  2408086.055  0.107  -0.111  -0.115  
390129.304  -2416981.594  5385221.001  2408087.860  -0.165  0.076  -0.051  
390129.404  -2416982.642  5385224.541  2408088.391  -0.120  0.071  -0.017  
390129.504  -2416983.841  5385227.118  2408088.377  0.021  -0.076  -0.073  
390129.604  -2416983.806  5385230.780  2408086.271  0.043  -0.172  -0.053  
390129.704  -2416986.655  5385233.020  2408084.947  -0.124  0.307  0.058  
390129.804  -2416981.444  5385229.402  2408087.849  0.029  0.162  -0.010  
390129.904  -2416981.054  5385228.342  2408086.137  -0.071  -0.037  0.041  
390130.004  -2416980.244  5385224.391  2408085.054  -0.067  0.333  0.031  
390130.104  -2416980.225  5385225.045  2408085.656  -0.070  0.358  -0.021  
390130.204  -2416982.636  5385230.137  2408089.111  0.010  -0.073  0.010  
390130.304  -2416981.642  5385225.864  2408089.683  0.032  0.018  0.058  
390130.404  -2416984.921  5385232.737  2408090.007  0.003  -0.097  0.131  
390130.504  -2416986.386  5385235.661  2408088.335  -0.112  0.317  -0.098  
390130.604  -2416986.492  5385231.609  2408088.901  0.070  -0.068  -0.013  
390130.704  -2416983.663  5385230.699  2408092.097  0.237  -0.379  -0.081  
390130.804  -2416981.819  5385229.811  2408093.599  0.012  0.166  0.051  
390130.904  -2416984.189  5385227.281  2408090.650  0.063  -0.158  -0.001  
390131.004  -2416987.366  5385229.943  2408093.335  0.092  -0.345  -0.198  
390131.104  -2416985.905  5385230.627  2408091.723  0.066  -0.002  0.079  
390131.204  -2416986.798  5385229.794  2408092.880  0.026  -0.001  0.098  
390131.304  -2416982.211  5385227.686  2408093.275  -0.034  -0.112  -0.032  
390131.404  -2416983.608  5385233.802  2408092.032  -0.035  -0.202  -0.049  
390131.504  -2416983.615  5385234.017  2408089.889  0.066  -0.245  -0.142  
390131.604  -2416988.005  5385239.079  2408091.120  0.031  -0.013  0.084  
390131.704  -2416985.778  5385235.652  2408090.068  0.159  -0.016  -0.051  
390131.804  -2416983.572  5385235.217  2408086.467  -0.162  0.503  0.030  
390131.904  -2416984.067  5385237.375  2408088.966  0.134  -0.021  0.015  
390132.004  -2416985.066  5385238.872  2408087.080  -0.110  -0.082  0.098  
390132.104  -2416983.641  5385235.984  2408086.216  0.052  -0.102  -0.086  
390132.204  -2416989.397  5385239.596  2408088.485  -0.107  0.053  -0.005  
390132.304  -2416986.138  5385234.671  2408084.764  -0.013  -0.037  -0.041  
390132.404  -2416987.364  5385231.488  2408085.708  -0.033  0.303  -0.006  
390132.504  -2416987.594  5385230.392  2408086.943  -0.082  0.203  0.035  
390132.604  -2416988.095  5385234.700  2408088.234  0.193  0.178  0.073  
390132.704  -2416985.489  5385233.865  2408088.169  0.012  -0.016  -0.085  
390132.804  -2416982.513  5385224.325  2408087.698  0.274  -0.301  -0.052  
390132.904  -2416983.277  5385222.338  2408089.072  -0.009  -0.038  0.075  
390133.004  -2416981.336  5385221.991  2408086.907  0.109  -0.319  -0.111  
390133.104  -2416983.783  5385227.159  2408090.110  -0.003  0.069  -0.004  
390133.204  -2416980.588  5385224.398  2408088.163  -0.167  0.354  0.159  
390133.304  -2416980.084  5385224.673  2408087.233  -0.060  -0.090  -0.004  
390133.404  -2416981.723  5385229.406  2408087.316  -0.098  0.086  -0.020  
390133.504  -2416979.994  5385229.202  2408090.239  0.076  -0.239  -0.028  
390133.604  -2416979.850  5385225.282  2408095.328  0.053  -0.107  0.099  
390133.704  -2416981.450  5385223.129  2408090.607  -0.031  0.024  0.039  
390133.804  -2416979.388  5385223.250  2408087.509  0.112  0.087  -0.004  
390133.904  -2416979.687  5385226.965  2408087.624  -0.035  0.287  0.063  
390134.004  -2416982.161  5385231.764  2408087.425  0.067  -0.255  -0.037  
390134.104  -2416977.931  5385225.186  2408089.992  -0.145  0.199  0.047  
390134.204  -2416978.233  5385229.071  2408090.122  0.082  -0.227  -0.001  
390134.304  -2416983.402  5385234.238  2408089.558  -0.028  -0.092  0.008  
390134.404  -2416983.931  5385233.006  2408088.310  0.137  -0.069  0.067  
390134.504  -2416983.903  5385230.278  2408089.732  -0.016  0.091  -0.007  
390134.604  -2416981.513  5385225.765  2408091.391  -0.258  0.325  0.044  
390134.704  -2416982.228  5385230.084  2408090.249  -0.070  0.009  0.003  
390134.804  -2416983.849  5385231.823  2408087.448  -0.025  0.091  -0.025  
390134.904  -2416982.441  5385228.532  2408084.472  -0.027  -0.138  -0.096  
390135.004  -2416981.876  5385226.911  2408087.308  0.040  -0.049  -0.061  
390135.104  -2416979.195  5385220.731  2408089.676  -0.072  0.035  -0.035  
390135.204  -2416980.162  5385228.208  2408090.277  -0.057  0.182  0.033  
390135.304  -2416980.212  5385231.687  2408090.213  0.157  -0.245  -0.184  
390135.404  -2416981.260  5385232.859  2408089.677  0.117  -0.108  -0.005  
390135.504  -2416982.728  5385233.950  2408090.453  -0.139  0.094  -0.031  
390135.604  -2416980.808  5385235.135  2408092.057  0.313  -0.147  -0.125  
390135.704  -2416983.209  5385239.725  2408090.267  0.065  -0.161  -0.141  
390135.804  -2416983.762  5385241.200  2408093.605  -0.078  -0.003  -0.087  
390135.904  -2416983.410  5385240.198  2408095.105  -0.065  -0.002  0.163  
390136.004  -2416984.653  5385237.443  2408090.877  -0.050  -0.068  -0.097  
390136.104  -2416987.048  5385239.151  2408087.445  0.278  -0.402  -0.068  
390136.204  -2416993.261  5385245.973  2408090.024  -0.022  0.099  0.036  
390136.304  -2416992.914  5385246.797  2408088.410  0.027  0.076  -0.034  
390136.404  -2416989.834  5385241.530  2408086.571  -0.207  0.179  0.007  
390136.504  -2416985.613  5385235.531  2408086.193  0.097  -0.114  -0.029  
390136.604  -2416981.752  5385231.215  2408088.272  -0.017  -0.040  0.057  
390136.704  -2416984.703  5385230.531  2408086.444  -0.012  -0.011  -0.136  
390136.804  -2416982.593  5385231.432  2408087.826  -0.280  0.526  -0.147  
390136.904  -2416981.950  5385228.953  2408087.214  -0.158  0.078  -0.037  
390137.004  -2416983.584  5385228.536  2408089.920  -0.132  0.092  0.143  
390137.104  -2416980.007  5385224.684  2408091.207  -0.092  0.054  0.088  
390137.204  -2416980.794  5385227.318  2408087.966  -0.023  0.229  -0.011  
390137.304  -2416983.841  5385232.451  2408087.289  -0.082  -0.075  -0.070  
390137.404  -2416985.487  5385235.673  2408084.246  -0.125  0.155  0.163  
390137.504  -2416985.268  5385231.924  2408083.303  0.153  -0.154  0.005  
390137.604  -2416979.494  5385226.851  2408086.153  0.055  0.074  -0.099  
390137.704  -2416978.690  5385229.175  2408087.199  0.027  -0.027  -0.016  
390137.804  -2416977.761  5385228.571  2408086.171  -0.061  0.085  0.070  
390137.904  -2416981.855  5385227.195  2408084.365  0.069  -0.141  -0.058  
390138.004  -2416979.089  5385225.802  2408087.515  0.102  -0.012  -0.002  
390138.104  -2416975.744  5385222.570  2408086.679  0.071  -0.025  -0.043  
390138.204  -2416977.840  5385226.787  2408085.485  0.098  -0.131  -0.084  
390138.304  -2416979.877  5385229.872  2408087.139  0.010  0.153  0.063  
390138.404  -2416982.321  5385232.252  2408084.504  0.070  -0.157  0.024  
390138.504  -2416981.228  5385231.433  2408085.884  -0.130  -0.026  -0.032  
390138.604  -2416981.197  5385231.485  2408086.561  -0.090  0.062  0.136  
390138.704  -2416979.255  5385226.464  2408092.606  0.197  -0.144  -0.010  
390138.804  -2416982.673  5385233.032  2408091.684  -0.088  0.435  0.056  
390138.904  -2416986.706  5385233.636  2408092.280  0.207  -0.275  -0.103  
390139.004  -2416987.172  5385233.723  2408089.359  0.111  -0.313  0.061  
390139.104  -2416986.585  5385235.787  2408092.779  -0.010  -0.140  -0.032  
390139.204  -2416989.097  5385240.564  2408093.308  0.147  -0.151  -0.042  
390139.304  -2416990.499  5385239.089  2408094.320  -0.023  -0.159  -0.011  
390139.404  -2416983.878  5385230.908  2408093.790  0.060  -0.092  0.041  
390139.504  -2416982.396  5385232.754  2408091.235  0.127  -0.296  0.092  
390139.604  -2416982.869  5385233.422  2408089.096  0.045  -0.155  -0.048  
390139.704  -2416982.235  5385231.770  2408087.131  -0.035  0.043  -0.140  
390139.804  -2416984.390  5385230.863  2408086.423  0.111  -0.166  0.016  
390139.904  -2416983.282  5385231.200  2408087.571  0.188  -0.288  -0.031  
390140.004  -2416983.208  5385229.758  2408089.234  -0.022  0.098  0.052  
390140.104  -2416981.046  5385227.501  2408088.937  0.118  -0.229  -0.013  
390140.204  -2416977.522  5385223.027  2408088.529  0.208  -0.332  -0.021  
390140.304  -2416974.710  5385221.501  2408089.880  -0.066  0.140  0.033  
390140.404  -2416975.910  5385220.271  2408088.519  0.107  -0.067  -0.049  
390140.504  -2416974.445  5385217.441  2408089.136  -0.026  -0.069  -0.004  
390140.604  -2416976.615  5385223.483  2408087.893  0.083  0.190  0.031  
390140.704  -2416977.305  5385226.026  2408087.941  0.275  -0.274  -0.110  
390140.804  -2416974.767  5385224.743  2408088.226  -0.022  -0.011  -0.114  
390140.904  -2416976.033  5385227.413  2408086.209  0.036  0.030  -0.011  
390141.004  -2416976.772  5385227.681  2408089.725  -0.075  0.070  0.015  
390141.104  -2416973.908  5385215.623  2408091.199  -0.107  0.103  0.124  
390141.204  -2416975.029  5385219.369  2408089.331  -0.012  0.071  -0.002  
390141.304  -2416978.306  5385224.169  2408087.430  -0.094  0.208  0.090  
390141.404  -2416981.062  5385226.850  2408087.886  -0.097  0.142  -0.003  
390141.504  -2416984.769  5385233.075  2408089.201  0.039  0.129  -0.037  
390141.604  -2416985.418  5385233.244  2408089.327  -0.002  -0.118  -0.060  
390141.704  -2416986.002  5385231.004  2408091.094  -0.110  0.211  0.063  
390141.804  -2416984.160  5385231.198  2408090.426  0.003  0.350  0.130  
390141.904  -2416986.042  5385231.194  2408088.681  0.078  -0.242  -0.035  
390142.004  -2416990.226  5385239.690  2408091.634  0.098  -0.214  -0.077  
390142.104  -2416982.793  5385231.965  2408090.888  0.169  -0.304  -0.073  
390142.204  -2416984.896  5385235.235  2408088.422  0.126  -0.216  -0.070  
390142.304  -2416985.493  5385237.411  2408091.596  -0.023  -0.054  0.010  
390142.404  -2416983.645  5385236.343  2408092.090  0.054  -0.244  -0.176  
390142.504  -2416981.170  5385233.556  2408088.730  -0.074  0.363  -0.054  
390142.604  -2416984.853  5385231.785  2408088.046  -0.013  0.411  0.122  
390142.704  -2416987.748  5385232.176  2408088.051  -0.031  0.351  0.170  
390142.804  -2416982.864  5385228.223  2408087.510  -0.082  0.132  0.011  
390142.904  -2416981.772  5385229.389  2408088.667  0.176  -0.371  0.245  
390143.004  -2416981.026  5385225.600  2408092.190  0.113  -0.110  -0.200  
390143.104  -2416980.229  5385225.576  2408088.945  0.126  -0.025  0.098  
390143.204  -2416980.176  5385228.095  2408090.142  -0.055  0.030  0.126  
390143.304  -2416978.597  5385230.278  2408087.702  -0.188  0.436  0.031  
390143.404  -2416979.996  5385226.940  2408086.853  0.045  0.038  -0.010  
390143.504  -2416979.119  5385220.961  2408086.099  -0.007  -0.222  -0.025  
390143.604  -2416978.960  5385224.587  2408086.690  -0.165  0.235  0.082  
390143.704  -2416979.474  5385227.122  2408088.196  0.127  0.004  -0.122  
390143.804  -2416978.314  5385228.104  2408088.914  -0.002  -0.121  -0.091  
390143.904  -2416979.252  5385230.014  2408088.599  0.058  -0.003  0.042  
390144.004  -2416979.495  5385227.990  2408089.197  -0.047  0.044  0.047  
390144.104  -2416980.692  5385229.793  2408087.010  0.199  -0.237  -0.065  
390144.204  -2416978.121  5385228.013  2408087.375  -0.066  0.185  0.030  
390144.304  -2416978.236  5385228.228  2408089.642  -0.093  0.127  -0.064  
390144.404  -2416974.991  5385225.537  2408088.667  -0.017  -0.361  0.104  
390144.504  -2416983.095  5385232.078  2408091.943  0.023  0.198  0.108  
390144.604  -2416983.000  5385232.644  2408089.683  -0.108  -0.023  -0.055  
390144.704  -2416986.345  5385235.354  2408087.845  0.078  -0.074  -0.031  
390144.804  -2416981.200  5385227.966  2408087.336  0.004  -0.013  0.049  
390144.904  -2416980.630  5385224.572  2408088.884  -0.034  0.082  0.078  
390145.004  -2416982.316  5385227.046  2408088.289  -0.068  0.331  -0.052  
390145.104  -2416980.599  5385227.678  2408087.061  -0.041  0.186  0.009  
390145.204  -2416986.809  5385238.215  2408088.739  -0.018  0.053  -0.008  
390145.304  -2416984.144  5385231.419  2408086.259  -0.102  -0.188  -0.054  
390145.404  -2416984.105  5385231.823  2408083.280  0.062  -0.143  -0.059  
390145.504  -2416985.923  5385234.999  2408090.985  -0.001  -0.048  0.024  
390145.604  -2416984.665  5385227.464  2408087.002  0.218  -0.355  -0.111  
390145.704  -2416980.773  5385225.072  2408084.412  0.153  -0.265  -0.019  
390145.804  -2416982.065  5385227.871  2408084.785  0.006  0.012  -0.049  
390145.904  -2416980.828  5385228.593  2408088.442  0.019  0.150  -0.064  
390146.004  -2416984.032  5385230.390  2408087.815  -0.044  -0.148  -0.062  
390146.104  -2416979.168  5385227.261  2408089.595  -0.185  0.374  0.159  
390146.204  -2416976.487  5385225.182  2408089.011  0.012  0.018  0.099  
390146.304  -2416976.790  5385225.772  2408090.041  0.070  -0.164  0.113  
390146.404  -2416981.050  5385233.083  2408090.657  0.116  0.301  0.068  
390146.504  -2416980.689  5385233.569  2408087.963  -0.160  0.285  0.098  
390146.604  -2416979.874  5385230.275  2408086.691  -0.014  0.037  0.051  
390146.704  -2416980.688  5385227.433  2408088.037  -0.116  0.082  -0.041  
390146.804  -2416984.011  5385233.169  2408090.341  -0.082  0.270  0.053  
390146.904  -2416987.077  5385237.650  2408091.069  -0.080  0.051  0.001  
390147.004  -2416988.916  5385241.874  2408090.377  0.122  -0.256  -0.039  
390147.104  -2416987.865  5385242.498  2408090.693  -0.081  0.052  0.018  
390147.204  -2416986.838  5385241.757  2408089.254  0.286  -0.185  -0.091  
390147.304  -2416990.391  5385243.214  2408088.016  0.107  -0.205  0.077  
390147.404  -2416986.142  5385235.617  2408085.030  0.134  0.149  0.019  
390147.504  -2416984.129  5385232.562  2408085.177  -0.202  0.397  0.122  
390147.604  -2416984.528  5385231.040  2408089.725  0.353  -0.761  -0.072  
390147.704  -2416981.700  5385226.277  2408087.202  -0.053  -0.091  -0.033  
390147.804  -2416980.713  5385220.455  2408085.457  -0.077  0.378  0.223  
390147.904  -2416982.156  5385219.781  2408085.855  -0.071  0.001  0.053  
390148.004  -2416981.999  5385222.692  2408089.794  -0.252  0.302  0.073  
390148.104  -2416985.246  5385229.385  2408087.267  -0.263  0.320  0.076  
390148.204  -2416982.232  5385229.508  2408088.352  -0.045  0.127  0.016  
390148.304  -2416979.783  5385222.212  2408088.552  -0.047  0.163  0.151  
390148.404  -2416977.746  5385217.838  2408086.326  0.045  0.051  -0.052  
390148.504  -2416982.910  5385227.196  2408085.477  0.269  -0.135  -0.007  
390148.604  -2416984.708  5385229.968  2408087.335  0.036  0.053  -0.095  
390148.704  -2416985.780  5385233.954  2408087.445  0.037  -0.110  -0.036  
390148.804  -2416981.572  5385224.392  2408086.900  -0.233  0.169  0.317  
390148.904  -2416981.185  5385229.035  2408088.504  -0.105  0.094  -0.049  
390149.004  -2416979.904  5385229.218  2408088.173  -0.101  0.313  0.009  
390149.104  -2416979.445  5385229.112  2408086.266  0.019  -0.123  0.115  
390149.204  -2416981.242  5385232.579  2408089.490  -0.028  0.149  0.032  
390149.304  -2416980.295  5385233.197  2408089.853  0.037  -0.216  -0.095  
390149.404  -2416979.786  5385228.068  2408094.337  0.044  -0.215  0.013  
390149.504  -2416980.322  5385231.374  2408094.442  -0.033  0.017  0.057  
390149.604  -2416980.342  5385232.179  2408092.152  -0.006  0.003  -0.062  
390149.704  -2416984.138  5385236.920  2408093.019  -0.037  0.084  -0.099  
390149.804  -2416982.254  5385234.825  2408094.770  0.182  -0.195  -0.145  
390149.904  -2416980.742  5385232.490  2408091.153  0.014  0.119  0.077  
390150.004  -2416982.326  5385231.980  2408087.819  0.245  -0.247  -0.047  
390150.104  -2416980.192  5385230.286  2408086.204  0.158  -0.135  -0.051  
390150.204  -2416981.344  5385232.045  2408087.965  -0.089  0.047  -0.043  
390150.304  -2416982.908  5385233.122  2408089.517  0.029  -0.139  -0.115  
390150.404  -2416984.747  5385234.596  2408088.614  -0.148  -0.135  -0.123  
390150.504  -2416982.239  5385231.803  2408088.655  0.020  0.064  -0.010  
390150.604  -2416983.986  5385233.223  2408087.990  0.067  -0.004  0.168  
390150.704  -2416981.579  5385228.664  2408090.281  -0.012  0.080  0.048  
390150.804  -2416983.131  5385230.819  2408090.006  0.127  -0.112  0.053  
390150.904  -2416981.824  5385229.092  2408088.016  -0.048  -0.039  -0.028  
390151.004  -2416982.751  5385230.012  2408085.634  0.111  -0.155  0.031  
390151.104  -2416983.111  5385229.753  2408082.965  -0.067  -0.033  0.056  
390151.204  -2416980.502  5385227.772  2408085.001  0.049  -0.116  -0.003  
390151.304  -2416982.769  5385231.892  2408085.116  0.004  -0.102  -0.015  
390151.404  -2416986.380  5385235.902  2408085.730  -0.015  0.080  -0.014  
390151.504  -2416981.865  5385229.346  2408091.720  -0.223  0.075  0.081  
390151.604  -2416980.751  5385225.361  2408090.494  -0.088  -0.164  -0.082  
390151.704  -2416978.322  5385224.562  2408089.336  0.101  -0.151  -0.086  
390151.804  -2416971.935  5385206.150  2408084.075  0.314  -0.516  -0.175  
390151.904  -2416975.661  5385212.327  2408083.927  0.150  0.054  -0.028  
390152.004  -2416979.955  5385217.386  2408085.768  0.156  -0.195  -0.042  
390152.104  -2416985.143  5385221.897  2408086.831  -0.089  0.017  -0.068  
390152.204  -2416987.437  5385227.572  2408090.817  -0.046  -0.021  -0.027  
390152.304  -2416987.380  5385230.952  2408089.918  -0.227  0.380  0.092  
390152.404  -2416985.788  5385229.874  2408089.653  -0.086  -0.058  -0.110  
390152.504  -2416985.574  5385233.472  2408091.514  0.130  -0.111  0.006  
390152.604  -2416985.622  5385236.241  2408090.698  0.121  -0.135  -0.042  
390152.704  -2416986.294  5385238.361  2408091.306  -0.174  0.147  0.068  
390152.804  -2416989.140  5385235.843  2408094.893  0.047  -0.067  -0.001  
390152.904  -2416989.080  5385238.389  2408093.819  0.128  -0.249  0.027  
390153.004  -2416990.668  5385242.279  2408091.056  -0.064  0.190  0.021  
390153.104  -2416989.950  5385239.267  2408089.520  0.048  -0.114  -0.031  
390153.204  -2416991.283  5385242.011  2408091.023  0.175  -0.417  -0.197  
390153.304  -2416988.260  5385237.387  2408092.025  -0.070  0.053  0.085  
390153.404  -2416983.862  5385233.188  2408092.581  0.036  0.019  -0.016  
390153.504  -2416986.420  5385237.673  2408089.572  0.130  -0.095  -0.029  
390153.604  -2416984.810  5385235.163  2408087.935  0.055  0.011  0.002  
390153.704  -2416983.234  5385232.332  2408086.015  0.063  0.032  0.050  
390153.804  -2416982.149  5385227.983  2408083.418  0.056  0.236  0.080  
390153.904  -2416980.335  5385227.109  2408083.130  -0.079  0.366  0.041  
390154.004  -2416980.126  5385224.765  2408084.140  0.094  -0.073  -0.041  
390154.104  -2416976.974  5385222.866  2408087.944  -0.104  0.248  0.132  
390154.204  -2416979.919  5385225.837  2408090.902  0.091  -0.272  -0.002  
390154.304  -2416979.719  5385227.968  2408090.478  -0.107  -0.009  0.038  
390154.404  -2416980.725  5385229.160  2408090.727  0.063  0.053  -0.051  
390154.504  -2416980.748  5385226.961  2408093.313  -0.089  0.244  0.017  
390154.604  -2416982.875  5385232.744  2408094.505  -0.099  0.326  0.078  
390154.704  -2416981.961  5385232.599  2408091.801  -0.171  0.293  -0.053  
390154.804  -2416982.739  5385222.628  2408086.809  0.108  -0.143  -0.014  
390154.904  -2416980.182  5385225.423  2408086.796  -0.044  0.139  0.008  
390155.004  -2416978.896  5385226.227  2408088.447  -0.009  0.131  0.106  
390155.104  -2416978.165  5385226.447  2408088.534  0.012  -0.119  -0.002  
390155.204  -2416980.936  5385228.899  2408089.002  -0.107  0.158  -0.056  
390155.304  -2416982.794  5385232.721  2408087.861  -0.018  -0.110  0.064  
390155.404  -2416982.414  5385228.062  2408087.268  -0.031  0.069  0.054  
390155.504  -2416980.874  5385227.022  2408087.615  0.034  -0.202  -0.072  
390155.604  -2416982.739  5385229.560  2408087.823  -0.019  0.026  -0.027  
390155.704  -2416979.642  5385228.693  2408088.638  -0.006  -0.029  -0.043  
390155.804  -2416978.841  5385227.057  2408088.417  -0.253  0.061  -0.016  
390155.904  -2416979.713  5385228.555  2408088.102  -0.063  0.158  -0.063  
390156.004  -2416981.589  5385230.629  2408090.180  0.052  -0.137  -0.110  
390156.104  -2416980.490  5385224.286  2408090.451  -0.177  0.169  -0.072  
390156.204  -2416979.623  5385225.107  2408087.968  0.053  -0.208  0.032  
390156.304  -2416981.196  5385223.324  2408088.458  -0.020  0.107  0.065  
390156.404  -2416980.267  5385226.273  2408088.387  -0.053  0.044  -0.063  
390156.504  -2416984.373  5385232.311  2408089.598  -0.052  0.318  0.056  
390156.604  -2416986.648  5385235.437  2408088.202  -0.016  -0.228  0.000  
390156.704  -2416984.759  5385235.188  2408086.597  -0.032  0.172  -0.035  
390156.804  -2416984.679  5385235.859  2408092.184  -0.197  0.322  0.139  
390156.904  -2416981.930  5385233.305  2408091.991  -0.084  0.272  0.086  
390157.004  -2416981.317  5385228.321  2408088.578  0.036  -0.038  0.001  
390157.104  -2416981.389  5385228.778  2408087.621  0.164  -0.186  -0.034  
390157.204  -2416980.498  5385227.449  2408085.488  -0.107  0.175  0.045  
390157.304  -2416980.184  5385225.623  2408090.156  0.045  0.244  0.071  
390157.404  -2416980.923  5385219.539  2408086.981  -0.030  -0.113  0.053  
390157.504  -2416981.935  5385220.824  2408087.571  -0.116  0.076  0.059  
390157.604  -2416986.450  5385228.880  2408085.880  0.166  -0.073  -0.042  
390157.704  -2416984.386  5385230.416  2408085.857  -0.162  0.253  0.142  
390157.804  -2416981.542  5385228.453  2408089.080  -0.036  -0.011  -0.089  
390157.904  -2416983.117  5385231.017  2408090.373  -0.136  0.069  0.063  
390158.004  -2416981.068  5385227.717  2408089.120  -0.059  0.010  0.048  
390158.104  -2416980.679  5385229.097  2408089.098  -0.015  -0.040  0.047  
390158.204  -2416977.006  5385222.198  2408088.199  0.013  0.159  -0.000  
390158.304  -2416975.286  5385222.999  2408087.869  -0.014  0.118  0.067  
390158.404  -2416976.574  5385222.071  2408084.085  0.120  -0.041  -0.055  
390158.504  -2416978.694  5385222.821  2408087.725  -0.077  0.103  0.012  
390158.604  -2416983.168  5385227.252  2408089.368  0.022  -0.015  -0.090  
390158.704  -2416981.622  5385226.105  2408086.147  0.088  0.033  0.010  
390158.804  -2416984.959  5385229.822  2408087.520  0.176  -0.337  -0.038  
390158.904  -2416984.476  5385230.908  2408088.849  -0.114  0.256  0.130  
390159.004  -2416986.776  5385229.629  2408087.546  0.033  -0.056  -0.029  
390159.104  -2416986.125  5385231.980  2408088.306  0.108  -0.091  -0.023  
390159.204  -2416988.259  5385230.526  2408092.709  -0.070  0.040  -0.064  
390159.304  -2416985.286  5385229.219  2408090.698  0.100  -0.142  -0.053  
390159.404  -2416984.438  5385232.314  2408090.176  0.085  -0.023  -0.018  
390159.504  -2416982.738  5385234.869  2408090.394  0.017  0.043  0.059  
390159.604  -2416981.749  5385234.309  2408087.835  0.036  0.042  0.058  
390159.704  -2416986.452  5385239.835  2408092.117  0.085  0.013  -0.119  
390159.804  -2416984.874  5385234.416  2408090.085  0.119  -0.176  -0.048  
390159.904  -2416981.376  5385230.889  2408088.986  0.094  0.409  0.057  
390160.004  -2416987.589  5385240.974  2408089.359  -0.276  0.174  0.053  
390160.104  -2416981.892  5385225.538  2408088.008  0.031  -0.017  -0.007  
390160.204  -2416980.293  5385221.881  2408083.658  -0.006  0.087  0.006  
390160.304  -2416979.585  5385222.728  2408082.396  0.303  -0.737  0.046  
390160.404  -2416979.739  5385223.382  2408086.006  -0.008  -0.054  -0.016  
390160.504  -2416983.204  5385230.821  2408085.195  0.135  -0.082  -0.114  
390160.604  -2416985.046  5385231.924  2408085.074  0.100  -0.159  -0.086  
390160.704  -2416984.902  5385233.329  2408085.226  0.085  -0.178  -0.139  
390160.804  -2416979.808  5385226.447  2408086.913  0.081  -0.000  -0.059  
390160.904  -2416981.718  5385229.539  2408088.302  -0.128  0.096  0.017  
390161.004  -2416984.629  5385232.039  2408089.397  -0.038  -0.102  -0.053  
390161.104  -2416982.005  5385229.833  2408090.126  0.045  0.059  -0.012  
390161.204  -2416980.257  5385227.081  2408088.892  -0.069  -0.017  -0.022  
390161.304  -2416982.161  5385228.760  2408088.973  0.088  -0.114  -0.128  
390161.404  -2416982.848  5385231.206  2408089.505  0.019  0.017  -0.038  
390161.504  -2416983.819  5385232.707  2408090.095  0.049  0.067  0.061  
390161.604  -2416983.916  5385227.297  2408087.357  0.002  -0.106  -0.014  
390161.704  -2416984.749  5385230.483  2408086.963  -0.067  0.395  0.162  
390161.804  -2416985.154  5385229.797  2408088.664  0.059  -0.138  -0.163  
390161.904  -2416982.026  5385228.295  2408086.762  0.097  -0.029  -0.047  
390162.004  -2416974.325  5385219.634  2408088.756  0.033  -0.200  0.030  
390162.104  -2416980.219  5385225.856  2408091.615  0.095  -0.169  -0.105  
390162.204  -2416982.385  5385225.544  2408089.261  -0.029  0.004  0.057  
390162.304  -2416982.173  5385227.219  2408086.027  -0.008  -0.077  -0.064  
390162.404  -2416976.972  5385221.982  2408088.925  0.114  -0.273  0.027  
390162.504  -2416981.275  5385227.683  2408091.238  0.059  0.054  0.045  
390162.604  -2416982.756  5385231.997  2408092.655  -0.185  0.009  0.014  
390162.704  -2416982.766  5385232.257  2408088.558  -0.074  -0.034  0.049  
390162.804  -2416980.487  5385229.539  2408086.546  -0.030  -0.072  -0.115  
390162.904  -2416981.317  5385226.349  2408087.861  -0.121  0.147  -0.091  
390163.004  -2416983.093  5385232.883  2408090.087  -0.282  0.408  -0.037  
390163.104  -2416984.698  5385234.291  2408092.019  0.028  -0.149  0.111  
390163.204  -2416986.449  5385238.541  2408090.941  0.017  0.024  0.006  
390163.304  -2416982.246  5385235.754  2408090.193  0.248  -0.272  -0.029  
390163.404  -2416985.399  5385238.568  2408094.035  0.170  -0.088  0.109  
390163.504  -2416984.540  5385233.204  2408091.876  0.075  -0.258  -0.018  
390163.604  -2416980.941  5385226.234  2408089.807  -0.074  0.130  0.049  
390163.704  -2416981.453  5385226.237  2408088.828  0.092  -0.143  0.048  
390163.804  -2416980.740  5385227.052  2408087.286  0.217  -0.184  -0.030  
390163.904  -2416980.826  5385220.828  2408088.129  0.037  -0.071  -0.172  
390164.004  -2416983.126  5385223.704  2408086.820  0.058  -0.059  -0.055  
390164.104  -2416979.131  5385222.148  2408085.926  -0.163  0.102  -0.052  
390164.204  -2416983.050  5385224.979  2408087.496  -0.211  0.437  0.037  
390164.304  -2416981.082  5385227.769  2408086.970  -0.086  0.126  0.039  
390164.404  -2416979.171  5385222.830  2408084.921  0.011  -0.161  -0.109  
390164.504  -2416981.328  5385229.114  2408085.027  -0.017  0.090  0.035  
390164.604  -2416982.144  5385232.659  2408084.860  -0.030  0.113  -0.038  
390164.704  -2416979.894  5385225.682  2408084.036  -0.196  0.324  0.017  
390164.804  -2416981.894  5385228.261  2408086.647  -0.105  0.267  -0.060  
390164.904  -2416980.328  5385227.837  2408084.309  -0.084  0.119  0.047  
390165.004  -2416978.544  5385226.332  2408083.965  0.049  -0.213  -0.018  
390165.104  -2416977.973  5385224.073  2408085.760  0.106  -0.079  0.060  
390165.204  -2416983.335  5385232.230  2408084.995  -0.081  -0.088  0.017  
390165.304  -2416981.111  5385232.133  2408085.054  0.134  -0.203  0.054  
390165.404  -2416980.625  5385230.864  2408086.492  -0.174  0.099  -0.032  
390165.504  -2416983.487  5385229.451  2408089.539  -0.084  -0.039  0.042  
390165.604  -2416984.193  5385229.865  2408089.249  0.061  -0.257  -0.023  
390165.704  -2416984.782  5385227.501  2408088.945  -0.120  0.021  -0.069  
390165.804  -2416985.218  5385224.697  2408089.697  -0.049  -0.060  -0.056  
390165.904  -2416986.438  5385229.505  2408087.943  -0.001  0.094  0.042  
390166.004  -2416985.618  5385222.991  2408087.941  0.322  -0.352  0.013  
390166.104  -2416983.844  5385227.479  2408088.674  -0.046  0.037  -0.026  
390166.204  -2416983.700  5385232.759  2408089.107  0.077  -0.167  0.022  
390166.304  -2416979.334  5385229.742  2408086.397  -0.058  0.049  0.146  
390166.404  -2416981.692  5385228.652  2408088.265  0.031  -0.187  -0.030  
390166.504  -2416976.744  5385223.989  2408089.113  -0.117  0.053  0.137  
390166.604  -2416980.114  5385226.719  2408091.517  -0.107  -0.078  0.043  
390166.704  -2416980.714  5385228.834  2408091.213  0.093  -0.099  -0.100  
390166.804  -2416981.690  5385229.641  2408091.320  0.053  -0.182  -0.062  
390166.904  -2416977.176  5385229.043  2408088.328  -0.126  -0.008  -0.094  
390167.004  -2416975.877  5385225.756  2408083.949  0.086  -0.112  -0.163  
390167.104  -2416981.077  5385232.551  2408083.195  0.073  -0.054  0.018  
390167.204  -2416978.585  5385227.090  2408083.890  0.064  -0.282  -0.042  
390167.304  -2416979.637  5385227.266  2408086.176  0.164  -0.090  -0.088  
390167.404  -2416981.323  5385230.084  2408086.625  -0.011  0.162  -0.075  
390167.504  -2416980.095  5385232.695  2408089.182  -0.023  0.070  -0.147  
390167.604  -2416979.361  5385222.409  2408089.769  0.195  -0.334  -0.125  
390167.704  -2416981.543  5385228.238  2408088.782  0.006  -0.122  0.126  
390167.804  -2416981.248  5385229.727  2408087.336  -0.028  0.018  -0.058  
390167.904  -2416982.896  5385236.712  2408087.475  -0.026  -0.114  -0.199  
390168.004  -2416983.258  5385237.861  2408088.763  0.154  -0.196  0.069  
390168.104  -2416980.097  5385235.522  2408090.457  -0.022  0.091  -0.038  
390168.204  -2416979.323  5385234.558  2408091.247  0.046  -0.110  -0.008  
390168.304  -2416981.222  5385238.516  2408090.376  0.086  -0.116  -0.168  
390168.404  -2416983.205  5385241.066  2408092.559  0.017  0.139  0.023  
390168.504  -2416982.669  5385237.589  2408091.958  0.245  -0.106  0.084  
390168.604  -2416982.520  5385237.591  2408091.057  0.003  -0.082  -0.071  
390168.704  -2416980.700  5385236.726  2408091.123  0.243  -0.508  -0.112  
390168.804  -2416985.422  5385240.380  2408091.505  0.082  -0.003  -0.098  
390168.904  -2416983.128  5385238.503  2408089.318  -0.213  0.156  0.059  
390169.004  -2416982.969  5385234.416  2408089.636  -0.186  0.078  0.218  
390169.104  -2416984.540  5385237.459  2408089.056  0.148  -0.224  0.001  
390169.204  -2416985.731  5385237.192  2408089.615  0.199  -0.109  -0.083  
390169.304  -2416980.306  5385221.499  2408085.828  0.134  0.031  -0.104  
390169.404  -2416977.318  5385219.832  2408086.417  -0.007  -0.061  -0.137  
390169.504  -2416978.566  5385217.970  2408086.198  -0.131  0.107  0.028  
390169.604  -2416982.260  5385224.338  2408087.015  -0.034  -0.049  -0.075  
390169.704  -2416979.472  5385221.476  2408086.522  0.009  0.010  -0.025  
390169.804  -2416984.738  5385232.118  2408085.616  0.251  -0.076  -0.002  
390169.904  -2416987.743  5385238.966  2408089.199  -0.171  0.043  -0.074  
390170.004  -2416987.201  5385238.607  2408088.212  -0.024  0.138  -0.144  
390170.104  -2416987.413  5385240.111  2408089.893  0.061  0.237  0.047  
390170.204  -2416986.061  5385239.313  2408088.356  -0.022  0.149  -0.041  
390170.304  -2416984.553  5385238.773  2408088.737  -0.124  0.224  0.084  
390170.404  -2416981.684  5385237.785  2408087.584  0.018  -0.056  0.008  
390170.504  -2416983.754  5385242.076  2408086.703  0.037  -0.191  0.046  
390170.604  -2416986.329  5385244.584  2408090.692  0.117  -0.056  -0.021  
390170.704  -2416983.402  5385235.976  2408091.087  -0.104  0.262  0.065  
390170.804  -2416980.812  5385232.756  2408090.987  -0.066  -0.057  0.058  
390170.904  -2416980.024  5385230.829  2408088.819  0.006  0.021  0.062  
390171.004  -2416978.205  5385226.512  2408088.230  -0.149  0.075  0.016  
390171.104  -2416978.956  5385228.222  2408088.939  0.112  -0.174  -0.108  
390171.204  -2416982.819  5385232.976  2408088.599  -0.088  0.386  0.183  
390171.304  -2416981.868  5385229.688  2408086.437  -0.039  -0.069  0.002  
390171.404  -2416980.313  5385224.045  2408087.895  0.089  0.090  0.020  
390171.504  -2416985.232  5385228.960  2408089.407  0.079  -0.057  0.015  
390171.604  -2416983.862  5385231.319  2408089.661  0.211  -0.111  -0.043  
390171.704  -2416981.393  5385229.105  2408087.195  -0.131  0.257  -0.033  
390171.804  -2416981.167  5385230.315  2408088.709  0.139  -0.199  -0.089  
390171.904  -2416982.954  5385235.762  2408091.223  0.085  -0.014  0.019  
390172.004  -2416984.564  5385233.072  2408089.737  0.085  0.007  0.193  
390172.104  -2416982.967  5385234.024  2408090.319  -0.008  -0.068  0.041  
390172.204  -2416982.486  5385229.621  2408091.596  0.071  -0.193  0.055  
390172.304  -2416982.773  5385229.110  2408089.876  -0.074  0.208  0.127  
390172.404  -2416984.653  5385232.071  2408091.027  -0.149  0.428  -0.180  
390172.504  -2416981.474  5385230.235  2408090.166  0.023  -0.118  0.008  
390172.604  -2416980.425  5385226.339  2408090.364  0.073  -0.124  -0.020  
390172.704  -2416980.447  5385222.446  2408085.884  -0.082  0.025  -0.117  
390172.804  -2416981.980  5385224.483  2408085.970  -0.034  0.028  -0.012  
390172.904  -2416979.486  5385225.951  2408087.291  -0.080  0.031  0.039  
390173.004  -2416984.299  5385235.278  2408090.282  0.031  -0.147  -0.025  
390173.104  -2416985.160  5385238.631  2408088.507  0.093  -0.267  -0.246  
390173.204  -2416983.690  5385237.886  2408088.607  0.044  -0.076  -0.008  
390173.304  -2416983.717  5385235.861  2408087.324  0.209  0.016  -0.070  
390173.404  -2416985.556  5385237.816  2408087.687  0.028  -0.169  -0.086  
390173.504  -2416985.570  5385239.661  2408088.437  0.050  0.155  0.055  
390173.604  -2416984.715  5385233.922  2408090.373  0.081  -0.100  -0.116  
390173.704  -2416983.113  5385230.186  2408093.840  -0.134  0.141  0.051  
390173.804  -2416984.977  5385234.143  2408093.763  0.000  -0.107  -0.101  
390173.904  -2416981.273  5385231.105  2408092.680  -0.082  0.140  0.013  
390174.004  -2416980.451  5385222.814  2408087.219  0.018  -0.270  0.014  
390174.104  -2416981.417  5385224.606  2408085.745  0.011  -0.084  0.031  
390174.204  -2416978.922  5385223.869  2408083.639  0.041  -0.030  -0.042  
390174.304  -2416975.756  5385217.755  2408087.927  0.119  -0.132  -0.084  
390174.404  -2416978.786  5385218.768  2408086.877  -0.109  0.250  0.093  
390174.504  -2416981.433  5385225.790  2408087.175  0.022  -0.051  -0.026  
390174.604  -2416985.626  5385234.163  2408086.887  0.055  0.094  -0.080  
390174.704  -2416987.479  5385237.489  2408086.781  -0.135  0.086  0.026  
390174.804  -2416984.237  5385234.807  2408087.806  -0.009  -0.015  0.056  
390174.904  -2416982.026  5385232.745  2408090.223  -0.013  -0.118  -0.012  
390175.004  -2416979.689  5385230.331  2408088.913  0.009  -0.252  -0.064  
390175.104  -2416980.648  5385229.667  2408090.924  -0.094  0.249  0.044  
390175.204  -2416985.723  5385232.837  2408091.197  0.078  -0.166  0.031  
390175.304  -2416985.202  5385235.291  2408088.824  -0.090  0.104  0.083  
390175.404  -2416982.480  5385232.774  2408086.354  -0.060  0.000  -0.197  
390175.504  -2416986.354  5385236.605  2408087.540  -0.037  -0.031  0.058  
390175.604  -2416985.384  5385233.867  2408086.040  -0.252  -0.008  0.228  
390175.704  -2416986.798  5385236.183  2408090.943  0.093  -0.169  -0.089  
390175.804  -2416987.092  5385233.930  2408090.118  0.190  -0.205  0.037  
390175.904  -2416986.525  5385225.512  2408088.983  0.054  -0.130  -0.048  
390176.004  -2416987.382  5385228.658  2408086.860  0.092  -0.041  -0.034  
390176.104  -2416985.796  5385229.379  2408088.762  -0.062  -0.050  -0.006  
390176.204  -2416987.270  5385231.470  2408089.496  0.124  -0.133  -0.061  
390176.304  -2416987.314  5385235.779  2408088.438  0.125  -0.004  -0.019  
390176.404  -2416984.433  5385231.230  2408086.924  0.036  0.169  0.007  
390176.504  -2416982.791  5385230.322  2408087.306  -0.149  0.246  0.022  
390176.604  -2416982.078  5385229.731  2408088.234  0.080  -0.123  -0.074  
390176.704  -2416981.816  5385225.801  2408089.529  -0.039  0.045  0.009  
390176.804  -2416981.770  5385226.690  2408090.043  0.058  0.020  0.008  
390176.904  -2416980.278  5385222.571  2408088.344  -0.120  0.090  0.064  
390177.004  -2416979.311  5385224.584  2408091.728  -0.033  0.124  0.087  
390177.104  -2416977.177  5385218.908  2408088.254  -0.255  0.168  -0.001  
390177.204  -2416981.194  5385227.096  2408086.492  -0.098  -0.012  -0.017  
390177.304  -2416980.140  5385229.494  2408086.825  -0.142  0.332  0.056  
390177.404  -2416979.352  5385230.752  2408087.100  0.058  0.061  -0.009  
390177.504  -2416980.655  5385232.903  2408089.708  0.014  0.067  -0.002  
390177.604  -2416980.959  5385233.868  2408087.165  0.029  -0.011  -0.085  
390177.704  -2416978.974  5385225.224  2408088.717  0.057  -0.089  -0.048  
390177.804  -2416980.492  5385230.096  2408090.457  0.028  0.028  0.039  
390177.904  -2416982.502  5385228.744  2408088.554  0.047  -0.152  0.037  
390178.004  -2416981.496  5385230.182  2408088.882  0.044  -0.135  -0.022  
390178.104  -2416984.792  5385239.496  2408089.352  0.091  0.050  -0.021  
390178.204  -2416981.142  5385234.139  2408093.789  0.136  -0.168  -0.033  
390178.304  -2416980.306  5385234.570  2408092.597  0.225  -0.307  -0.089  
390178.404  -2416978.887  5385231.227  2408090.212  -0.109  0.195  0.046  
390178.504  -2416980.765  5385233.640  2408089.449  0.145  0.040  0.101  
390178.604  -2416975.526  5385227.861  2408090.781  0.048  -0.145  -0.053  
390178.704  -2416977.876  5385228.522  2408091.359  -0.152  -0.085  -0.054  
390178.804  -2416978.655  5385230.631  2408089.503  -0.113  0.287  0.019  
390178.904  -2416979.492  5385227.861  2408086.466  0.096  -0.080  0.064  
390179.004  -2416977.767  5385223.809  2408086.805  -0.060  0.039  0.089  
390179.104  -2416978.542  5385222.272  2408084.127  -0.191  0.077  0.064  
390179.204  -2416976.959  5385222.652  2408087.029  -0.102  -0.076  0.044  
390179.304  -2416984.854  5385232.443  2408087.778  -0.052  -0.008  0.009  
390179.404  -2416988.367  5385236.667  2408087.581  0.001  -0.034  -0.021  
390179.504  -2416985.897  5385230.053  2408086.008  -0.034  0.083  -0.035  
390179.604  -2416982.159  5385223.555  2408087.759  0.194  -0.273  0.095  
390179.704  -2416981.289  5385225.289  2408094.175  -0.034  -0.044  -0.007  
390179.804  -2416979.142  5385221.414  2408092.167  0.107  -0.342  -0.012  
390179.904  -2416978.149  5385221.809  2408091.225  -0.029  0.051  0.036  
390180.004  -2416980.092  5385222.483  2408090.517  -0.029  0.181  0.070  
390180.104  -2416982.181  5385223.797  2408092.132  0.113  -0.184  -0.015  
390180.204  -2416981.060  5385219.032  2408089.277  -0.004  -0.138  -0.091  
390180.304  -2416979.885  5385217.181  2408085.279  -0.002  0.176  -0.055  
390180.404  -2416982.674  5385224.328  2408083.667  0.019  -0.191  -0.091  
390180.504  -2416978.322  5385219.120  2408081.931  0.146  -0.057  -0.124  
390180.604  -2416977.142  5385220.072  2408084.633  0.147  -0.157  -0.073  
390180.704  -2416973.786  5385220.362  2408085.392  -0.028  0.100  0.001  
390180.804  -2416975.798  5385223.077  2408084.763  0.237  0.051  0.044  
390180.904  -2416975.001  5385223.764  2408085.576  0.045  0.103  0.025  
390181.004  -2416974.872  5385226.737  2408086.709  0.013  0.043  0.089  
390181.104  -2416972.078  5385224.005  2408088.336  0.173  0.047  -0.015  
390181.204  -2416972.906  5385226.637  2408088.469  0.140  0.031  -0.061  
390181.304  -2416977.885  5385226.989  2408090.705  -0.018  0.087  -0.074  
390181.404  -2416979.424  5385229.347  2408089.986  -0.189  0.428  0.007  
390181.504  -2416979.671  5385231.109  2408089.898  -0.057  -0.050  -0.031  
390181.604  -2416983.169  5385229.823  2408089.071  0.234  -0.306  -0.126  
390181.704  -2416981.616  5385221.263  2408085.302  0.035  -0.183  -0.106  
390181.804  -2416982.860  5385225.689  2408084.561  0.175  -0.140  0.015  
390181.904  -2416982.678  5385226.040  2408083.538  0.026  -0.004  0.056  
390182.004  -2416978.155  5385224.542  2408086.156  -0.017  -0.119  -0.023  
390182.104  -2416981.021  5385229.379  2408086.635  0.087  -0.081  -0.061  
390182.204  -2416980.305  5385231.432  2408088.129  -0.417  0.578  0.133  
390182.304  -2416981.717  5385233.568  2408091.029  0.021  0.028  0.057  
390182.404  -2416982.048  5385234.091  2408093.702  -0.038  -0.081  -0.081  
390182.504  -2416981.656  5385228.286  2408093.797  -0.144  0.112  -0.028  
390182.604  -2416982.313  5385231.193  2408091.289  -0.098  -0.020  -0.032  
390182.704  -2416984.866  5385229.859  2408088.759  0.101  0.127  0.026  
390182.804  -2416984.271  5385230.033  2408087.978  0.113  -0.276  -0.055  
390182.904  -2416984.947  5385232.589  2408088.452  0.074  -0.154  -0.058  
390183.004  -2416984.058  5385229.971  2408090.502  0.160  -0.419  -0.133  
390183.104  -2416986.061  5385233.654  2408092.212  0.096  -0.116  -0.061  
390183.204  -2416986.420  5385235.433  2408090.920  -0.054  0.215  0.078  
390183.304  -2416984.750  5385233.152  2408090.378  0.041  0.110  0.057  
390183.404  -2416984.812  5385232.890  2408093.173  -0.043  -0.030  0.093  
390183.504  -2416979.993  5385227.294  2408092.020  -0.010  -0.069  -0.015  
390183.604  -2416981.565  5385230.055  2408090.699  0.028  -0.009  0.074  
390183.704  -2416981.353  5385227.549  2408089.511  0.075  0.066  0.054  
390183.804  -2416983.187  5385229.357  2408093.012  0.142  -0.414  -0.025  
390183.904  -2416979.766  5385226.043  2408090.033  -0.088  0.299  0.026  
390184.004  -2416978.266  5385211.987  2408084.437  -0.146  0.045  -0.089  
390184.104  -2416977.314  5385214.440  2408083.993  0.040  -0.165  -0.112  
390184.204  -2416975.833  5385217.138  2408085.700  -0.026  -0.031  0.042  
390184.304  -2416976.638  5385220.457  2408088.059  -0.209  0.289  0.009  
390184.404  -2416979.908  5385221.865  2408087.748  0.069  -0.096  0.085  
390184.504  -2416976.999  5385222.579  2408086.621  -0.061  -0.260  -0.058  
390184.604  -2416980.532  5385229.368  2408086.483  0.064  -0.270  0.005  
390184.704  -2416979.148  5385227.645  2408086.824  -0.077  0.037  0.031  
390184.804  -2416980.437  5385226.586  2408089.611  0.447  -0.247  -0.063  
390184.904  -2416978.166  5385225.262  2408087.785  0.020  0.095  0.147  
390185.004  -2416980.926  5385231.500  2408089.099  -0.120  0.104  0.030  
390185.104  -2416980.196  5385232.394  2408090.581  -0.080  -0.012  0.012  
390185.204  -2416979.116  5385227.554  2408087.248  0.039  -0.081  -0.041  
390185.304  -2416978.265  5385224.942  2408087.591  0.006  -0.140  -0.102  
390185.404  -2416981.898  5385219.770  2408083.589  0.041  -0.051  0.187  
390185.504  -2416980.863  5385220.617  2408083.993  0.062  -0.058  0.043  
390185.604  -2416984.227  5385224.190  2408086.963  0.062  -0.036  0.003  
390185.704  -2416982.119  5385224.945  2408088.074  -0.012  0.145  0.102  
390185.804  -2416981.078  5385227.405  2408087.724  -0.013  0.156  0.081  
390185.904  -2416983.735  5385234.045  2408087.994  -0.065  0.050  -0.019  
390186.004  -2416983.326  5385233.364  2408088.360  -0.215  0.312  0.049  
390186.104  -2416978.498  5385227.684  2408092.217  -0.317  0.474  -0.009  
390186.204  -2416980.709  5385231.621  2408091.477  -0.108  0.308  0.069  
390186.304  -2416980.601  5385224.832  2408090.280  0.031  0.061  0.021  
390186.404  -2416984.528  5385233.257  2408090.055  0.280  -0.259  -0.008  
390186.504  -2416983.008  5385231.222  2408090.845  0.052  0.328  0.082  
390186.604  -2416984.323  5385235.294  2408090.495  -0.041  0.061  -0.017  
390186.704  -2416980.892  5385230.224  2408087.805  0.009  0.253  -0.081  
390186.804  -2416980.365  5385229.779  2408089.956  0.037  -0.112  -0.004  
390186.904  -2416977.900  5385224.962  2408091.901  0.049  0.059  -0.113  
390187.004  -2416976.978  5385225.906  2408091.443  -0.079  0.203  0.087  
390187.104  -2416975.542  5385222.894  2408089.908  -0.167  0.121  0.022  
390187.204  -2416978.509  5385225.018  2408090.629  0.092  -0.123  -0.126  
390187.304  -2416979.781  5385226.223  2408089.122  0.013  0.119  0.163  
390187.404  -2416983.767  5385232.893  2408089.107  0.003  0.132  0.019  
390187.504  -2416986.197  5385234.852  2408090.231  -0.062  -0.036  0.024  
390187.604  -2416987.336  5385233.909  2408092.968  0.189  -0.145  -0.068  
390187.704  -2416982.484  5385227.177  2408092.222  0.025  -0.060  -0.011  
390187.804  -2416980.169  5385226.717  2408089.836  -0.041  0.158  0.022  
390187.904  -2416978.639  5385225.726  2408089.079  -0.227  0.295  0.056  
390188.004  -2416979.443  5385227.665  2408089.895  0.056  -0.015  0.029  
390188.104  -2416978.395  5385224.621  2408087.559  0.079  -0.139  0.005  
390188.204  -2416979.688  5385225.262  2408087.213  -0.004  0.148  -0.009  
390188.304  -2416982.729  5385232.192  2408086.498  0.075  -0.243  -0.002  
390188.404  -2416980.324  5385229.664  2408086.697  0.075  -0.119  0.010  
390188.504  -2416976.984  5385227.294  2408086.889  0.021  -0.187  -0.103  
390188.604  -2416983.234  5385232.607  2408089.302  -0.043  -0.059  0.144  
390188.704  -2416983.502  5385233.600  2408089.275  -0.226  0.446  0.127  
390188.804  -2416981.561  5385231.017  2408089.679  0.180  -0.176  -0.106  
390188.904  -2416983.385  5385231.362  2408091.208  -0.103  -0.230  -0.098  
390189.004  -2416979.909  5385228.691  2408091.051  0.031  -0.025  -0.008  
390189.104  -2416984.674  5385234.885  2408091.830  -0.095  0.054  -0.051  
390189.204  -2416982.251  5385230.181  2408088.109  -0.005  0.025  -0.019  
390189.304  -2416981.337  5385229.602  2408091.157  -0.055  0.043  -0.021  
390189.404  -2416976.816  5385224.743  2408091.525  0.131  -0.207  -0.001  
390189.504  -2416980.153  5385226.385  2408088.572  0.046  -0.164  0.009  
390189.604  -2416984.495  5385228.698  2408090.362  -0.225  0.442  0.057  
390189.704  -2416986.024  5385228.773  2408088.733  0.044  -0.036  -0.048  
390189.804  -2416981.626  5385224.420  2408091.699  0.133  -0.263  0.084  
390189.904  -2416978.847  5385222.263  2408090.422  -0.156  0.213  0.146  
390190.004  -2416981.216  5385229.031  2408088.706  -0.031  0.145  0.065  
390190.104  -2416984.204  5385229.003  2408085.190  -0.076  0.045  0.037  
390190.204  -2416983.225  5385228.963  2408086.635  0.303  -0.160  -0.011  
390190.304  -2416987.397  5385233.431  2408086.005  0.122  -0.190  0.096  
390190.404  -2416985.971  5385232.757  2408085.640  -0.114  0.079  0.027  
390190.504  -2416984.030  5385229.368  2408085.879  0.073  -0.155  -0.056  
390190.604  -2416981.732  5385223.750  2408086.315  -0.186  0.243  0.140  
390190.704  -2416982.780  5385227.821  2408087.001  0.078  -0.117  -0.048  
390190.804  -2416983.922  5385227.843  2408093.511  -0.045  -0.160  0.005  
390190.904  -2416987.006  5385230.315  2408093.540  -0.019  -0.087  0.061  
390191.004  -2416986.736  5385230.535  2408095.042  0.190  -0.207  -0.052  
390191.104  -2416982.736  5385228.531  2408092.255  -0.001  -0.044  -0.115  
390191.204  -2416980.450  5385228.288  2408090.902  0.130  0.051  0.069  
