390108.004  -2416983.224  5385229.341  2408089.917  0.050  -0.089  -0.022  
390108.104  -2416983.320  5385229.953  2408089.149  -0.039  0.091  -0.007  
390108.204  -2416979.405  5385225.077  2408090.951  0.116  -0.157  0.011  
390108.304  -2416976.246  5385222.487  2408091.012  0.044  -0.214  -0.188  
390108.404  -2416973.568  5385219.007  2408085.494  -0.038  0.438  0.004  
390108.504  -2416977.265  5385226.689  2408089.211  0.081  -0.144  0.098  
390108.604  -2416980.776  5385226.298  2408089.110  -0.251  0.365  0.228  
390108.704  -2416981.276  5385228.819  2408089.436  0.052  -0.054  0.049  
390108.804  -2416984.697  5385231.270  2408087.353  0.003  -0.010  0.027  
390108.904  -2416982.088  5385228.762  2408084.982  -0.059  -0.158  -0.065  
390109.004  -2416985.177  5385228.493  2408086.057  0.027  0.036  0.022  
390109.104  -2416985.769  5385232.352  2408085.502  0.488  -0.496  -0.165  
390109.204  -2416978.592  5385227.912  2408084.283  0.025  -0.071  -0.092  
390109.304  -2416980.132  5385228.997  2408085.037  0.047  0.016  0.057  
390109.404  -2416978.125  5385223.812  2408085.127  -0.026  0.147  -0.050  
390109.504  -2416980.609  5385226.487  2408082.998  -0.039  0.103  -0.061  
390109.604  -2416978.605  5385227.609  2408083.538  -0.062  0.131  -0.099  
390109.704  -2416978.361  5385227.449  2408084.471  -0.028  0.203  0.123  
390109.804  -2416981.295  5385228.973  2408085.310  0.086  -0.311  -0.007  
390109.904  -2416979.507  5385228.755  2408087.700  0.083  0.058  -0.066  
390110.004  -2416979.580  5385229.149  2408089.424  -0.026  -0.142  0.025  
390110.104  -2416978.018  5385226.700  2408090.249  -0.110  -0.026  -0.127  
390110.204  -2416978.621  5385225.293  2408087.214  0.147  -0.210  0.127  
390110.304  -2416977.467  5385217.272  2408083.024  -0.120  0.236  -0.057  
390110.404  -2416980.546  5385221.060  2408085.094  0.116  -0.265  0.015  
390110.504  -2416981.707  5385226.602  2408084.356  0.102  -0.024  -0.012  
390110.604  -2416980.025  5385223.665  2408085.377  0.212  -0.413  0.044  
390110.704  -2416977.699  5385217.672  2408085.802  0.081  -0.224  0.035  
390110.804  -2416980.432  5385222.566  2408086.792  0.034  -0.108  -0.120  
390110.904  -2416979.349  5385218.963  2408087.586  0.051  -0.074  0.007  
390111.004  -2416980.010  5385222.176  2408090.366  -0.119  0.129  0.049  
390111.104  -2416980.107  5385225.987  2408090.142  0.179  -0.489  -0.056  
390111.204  -2416979.001  5385227.215  2408089.422  -0.021  0.303  0.092  
390111.304  -2416980.133  5385228.516  2408086.177  -0.111  0.128  -0.026  
390111.404  -2416982.274  5385229.046  2408085.787  -0.059  -0.012  0.043  
390111.504  -2416981.229  5385226.563  2408085.853  0.105  -0.037  0.082  
390111.604  -2416982.726  5385229.436  2408083.848  0.197  -0.249  -0.241  
390111.704  -2416984.422  5385230.518  2408086.071  0.031  -0.094  -0.029  
390111.804  -2416985.282  5385234.290  2408086.475  0.132  0.126  -0.168  
390111.904  -2416980.789  5385226.105  2408088.716  0.141  0.011  0.172  
390112.004  -2416983.135  5385227.608  2408088.563  -0.063  0.183  0.132  
390112.104  -2416982.331  5385230.162  2408089.429  0.134  0.139  -0.062  
390112.204  -2416982.595  5385233.038  2408090.872  0.147  -0.440  -0.014  
390112.304  -2416981.225  5385229.173  2408089.559  -0.080  -0.102  -0.003  
390112.404  -2416981.113  5385226.242  2408086.627  -0.382  0.309  0.032  
390112.504  -2416980.472  5385223.584  2408088.260  -0.002  -0.185  -0.045  
390112.604  -2416980.800  5385222.244  2408086.364  -0.032  0.044  -0.017  
390112.704  -2416977.852  5385220.694  2408087.056  0.076  -0.158  0.053  
390112.804  -2416976.017  5385219.019  2408089.452  -0.008  -0.031  -0.018  
390112.904  -2416974.590  5385218.868  2408089.260  0.062  -0.072  -0.014  
390113.004  -2416977.049  5385223.224  2408092.029  0.010  0.232  0.117  
390113.104  -2416979.558  5385225.807  2408091.453  -0.098  0.149  0.123  
390113.204  -2416980.315  5385228.165  2408089.553  -0.106  -0.065  0.004  
390113.304  -2416979.694  5385226.812  2408087.013  -0.053  0.178  -0.022  
390113.404  -2416980.942  5385224.442  2408086.566  0.102  -0.256  -0.063  
390113.504  -2416981.748  5385225.987  2408090.677  -0.060  0.205  0.187  
390113.604  -2416982.096  5385228.915  2408088.369  -0.071  0.203  -0.048  
390113.704  -2416983.084  5385232.570  2408088.632  -0.161  0.143  0.077  
390113.804  -2416980.849  5385229.354  2408086.599  -0.020  0.147  -0.040  
390113.904  -2416982.867  5385232.546  2408087.527  -0.030  0.039  -0.106  
390114.004  -2416984.585  5385235.219  2408088.488  0.102  -0.011  0.038  
390114.104  -2416983.473  5385228.603  2408092.370  0.035  0.113  0.009  
390114.204  -2416985.145  5385226.524  2408093.532  -0.028  0.313  -0.063  
390114.304  -2416987.062  5385227.739  2408088.204  0.017  0.158  -0.018  
390114.404  -2416990.761  5385229.083  2408089.256  -0.004  -0.025  0.092  
390114.504  -2416987.488  5385228.027  2408086.574  0.031  0.029  0.097  
390114.604  -2416984.579  5385222.147  2408084.664  -0.007  -0.181  -0.018  
390114.704  -2416981.899  5385219.716  2408082.112  0.049  -0.317  -0.045  
390114.804  -2416980.701  5385219.067  2408085.880  0.126  -0.162  -0.095  
390114.904  -2416979.555  5385217.579  2408083.917  -0.004  0.066  0.111  
390115.004  -2416978.114  5385220.268  2408083.895  -0.013  -0.141  -0.051  
390115.104  -2416977.812  5385219.393  2408084.487  0.080  0.090  -0.085  
390115.204  -2416978.489  5385222.790  2408082.996  0.061  -0.236  0.049  
390115.304  -2416979.333  5385227.408  2408082.892  -0.367  0.120  0.204  
390115.404  -2416984.556  5385234.843  2408082.718  0.056  -0.145  -0.003  
390115.504  -2416984.069  5385236.359  2408083.985  -0.164  0.169  0.079  
390115.604  -2416984.196  5385232.346  2408084.948  0.094  -0.049  -0.070  
390115.704  -2416985.065  5385234.641  2408089.033  -0.267  0.278  -0.082  
390115.804  -2416984.853  5385231.747  2408087.244  0.068  -0.140  -0.166  
390115.904  -2416982.006  5385229.414  2408089.859  -0.002  0.075  -0.018  
390116.004  -2416979.824  5385229.497  2408088.512  0.031  -0.170  -0.077  
390116.104  -2416977.732  5385226.378  2408090.706  -0.050  -0.312  -0.193  
390116.204  -2416979.625  5385230.327  2408088.247  -0.088  0.081  -0.015  
390116.304  -2416977.755  5385226.234  2408090.602  -0.017  0.194  0.193  
390116.404  -2416976.349  5385219.620  2408088.538  0.025  0.185  -0.097  
390116.504  -2416978.851  5385217.624  2408088.194  0.036  -0.007  -0.034  
390116.604  -2416982.760  5385220.392  2408087.931  -0.074  -0.222  -0.120  
390116.704  -2416983.080  5385218.485  2408090.979  0.145  -0.040  -0.058  
390116.804  -2416981.406  5385220.853  2408089.693  0.081  -0.075  -0.023  
390116.904  -2416985.456  5385228.671  2408088.704  -0.280  0.479  0.084  
390117.004  -2416988.214  5385231.710  2408089.434  -0.023  0.048  -0.111  
390117.104  -2416988.218  5385234.951  2408088.944  0.023  -0.033  -0.002  
390117.204  -2416989.111  5385237.599  2408089.775  -0.185  0.291  0.031  
390117.304  -2416990.308  5385240.345  2408090.490  0.287  -0.123  -0.100  
390117.404  -2416992.228  5385243.366  2408086.794  -0.084  0.185  -0.063  
390117.504  -2416987.335  5385238.223  2408085.628  0.084  -0.278  0.014  
390117.604  -2416986.686  5385240.166  2408085.726  0.110  0.242  -0.123  
390117.704  -2416986.598  5385240.675  2408084.975  -0.095  0.136  -0.001  
390117.804  -2416987.455  5385242.559  2408084.012  -0.123  -0.119  -0.053  
390117.904  -2416983.946  5385234.052  2408083.947  0.161  0.314  0.099  
390118.004  -2416984.967  5385233.281  2408083.942  0.045  0.016  -0.028  
390118.104  -2416983.002  5385229.862  2408084.997  -0.023  0.115  -0.013  
390118.204  -2416984.313  5385229.033  2408086.922  0.195  -0.421  -0.018  
390118.304  -2416981.667  5385224.143  2408087.731  0.167  -0.408  -0.102  
390118.404  -2416980.800  5385226.273  2408087.656  -0.162  0.155  0.029  
390118.504  -2416980.077  5385225.523  2408087.013  0.071  -0.044  0.024  
390118.604  -2416979.061  5385226.609  2408088.192  0.143  -0.263  -0.048  
390118.704  -2416979.346  5385225.722  2408090.484  0.112  -0.091  0.136  
390118.804  -2416978.014  5385222.460  2408091.935  0.013  -0.190  0.052  
390118.904  -2416976.604  5385221.840  2408091.765  0.137  0.145  -0.201  
390119.004  -2416979.713  5385226.437  2408090.833  -0.016  -0.545  -0.259  
390119.104  -2416977.297  5385223.568  2408088.296  0.300  -0.529  -0.107  
390119.204  -2416978.707  5385225.760  2408088.650  0.245  -0.121  -0.019  
390119.304  -2416977.708  5385225.469  2408089.735  -0.186  0.305  0.068  
390119.404  -2416977.709  5385224.376  2408088.133  0.004  0.051  -0.012  
390119.504  -2416977.013  5385219.198  2408085.541  -0.006  0.010  -0.057  
390119.604  -2416977.912  5385218.004  2408084.184  -0.072  0.191  0.001  
390119.704  -2416979.304  5385221.386  2408086.123  -0.224  0.250  -0.032  
390119.804  -2416980.911  5385224.087  2408086.307  0.044  0.172  0.019  
390119.904  -2416981.370  5385226.829  2408086.383  0.146  -0.160  -0.098  
390120.004  -2416982.507  5385228.335  2408089.052  0.072  -0.001  -0.066  
390120.104  -2416981.889  5385227.415  2408089.194  -0.013  -0.005  -0.034  
390120.204  -2416983.959  5385230.584  2408089.998  0.105  -0.219  -0.092  
390120.304  -2416988.036  5385237.384  2408091.843  -0.052  0.295  0.228  
390120.404  -2416986.284  5385234.258  2408090.542  0.060  -0.019  -0.052  
390120.504  -2416984.794  5385233.625  2408091.641  -0.049  0.318  0.058  
390120.604  -2416982.827  5385230.454  2408090.026  -0.030  0.100  -0.012  
390120.704  -2416988.479  5385235.540  2408090.912  -0.133  0.251  0.093  
390120.804  -2416985.658  5385231.392  2408090.542  0.067  -0.570  -0.086  
390120.904  -2416988.000  5385233.434  2408092.354  0.159  -0.274  -0.078  
390121.004  -2416986.699  5385229.567  2408088.079  -0.004  -0.019  0.086  
390121.104  -2416986.746  5385229.927  2408086.444  -0.084  0.036  -0.019  
390121.204  -2416986.576  5385229.419  2408086.109  -0.177  -0.039  -0.042  
390121.304  -2416985.660  5385229.922  2408084.610  -0.079  0.289  -0.009  
390121.404  -2416986.776  5385233.917  2408083.448  0.130  -0.316  0.044  
390121.504  -2416989.527  5385235.848  2408083.465  0.075  -0.243  -0.102  
390121.604  -2416987.176  5385233.536  2408082.178  -0.183  -0.356  -0.174  
390121.704  -2416987.556  5385236.558  2408085.553  0.015  -0.150  -0.104  
390121.804  -2416982.007  5385230.941  2408084.953  0.019  -0.085  -0.097  
390121.904  -2416981.006  5385228.987  2408087.152  -0.119  0.133  0.145  
390122.004  -2416983.489  5385232.973  2408085.312  0.009  0.016  0.202  
390122.104  -2416978.591  5385224.263  2408085.490  0.024  -0.156  0.003  
390122.204  -2416980.949  5385227.599  2408089.160  -0.067  0.152  0.048  
390122.304  -2416981.696  5385229.391  2408089.523  -0.258  0.230  -0.076  
390122.404  -2416981.791  5385232.086  2408089.053  -0.120  -0.255  -0.140  
390122.504  -2416979.793  5385228.953  2408088.952  -0.108  0.282  0.117  
390122.604  -2416978.717  5385228.402  2408090.580  0.162  0.033  -0.197  
390122.704  -2416980.319  5385222.866  2408086.855  0.014  0.092  0.113  
390122.804  -2416983.097  5385227.244  2408085.130  -0.046  0.134  -0.030  
390122.904  -2416980.690  5385222.454  2408089.796  -0.062  0.305  0.165  
390123.004  -2416980.617  5385224.528  2408088.650  -0.119  -0.084  0.075  
390123.104  -2416981.996  5385229.017  2408088.431  0.069  -0.017  -0.045  
390123.204  -2416981.690  5385228.961  2408086.703  -0.124  0.351  0.034  
390123.304  -2416980.565  5385227.026  2408087.760  0.072  -0.187  0.061  
390123.404  -2416986.006  5385236.572  2408086.244  0.083  0.062  0.027  
390123.504  -2416983.333  5385234.999  2408087.160  0.014  -0.182  -0.018  
390123.604  -2416983.843  5385236.094  2408087.381  0.243  -0.614  -0.040  
390123.704  -2416984.998  5385231.899  2408087.352  0.139  -0.391  -0.029  
390123.804  -2416981.213  5385226.865  2408086.937  0.110  0.005  -0.060  
390123.904  -2416979.680  5385222.573  2408084.993  -0.001  -0.007  0.027  
390124.004  -2416978.348  5385223.210  2408084.634  -0.042  0.121  -0.025  
390124.104  -2416979.312  5385225.703  2408088.554  -0.028  0.184  -0.051  
390124.204  -2416981.006  5385227.966  2408089.281  0.001  -0.223  0.020  
390124.304  -2416982.748  5385228.036  2408087.625  0.039  0.079  0.092  
390124.404  -2416984.610  5385227.969  2408086.994  -0.038  0.034  0.063  
390124.504  -2416983.319  5385230.678  2408090.303  0.080  -0.359  -0.127  
390124.604  -2416985.953  5385234.937  2408088.390  -0.039  0.256  0.043  
390124.704  -2416987.966  5385236.395  2408088.094  -0.231  0.621  0.126  
390124.804  -2416989.659  5385235.467  2408090.643  0.034  -0.183  0.060  
390124.904  -2416989.280  5385236.193  2408091.684  -0.051  -0.068  0.052  
390125.004  -2416983.221  5385232.057  2408090.876  0.018  -0.101  0.064  
390125.104  -2416983.481  5385235.842  2408090.406  -0.279  0.470  -0.015  
390125.204  -2416983.862  5385235.653  2408088.099  -0.175  0.243  -0.005  
390125.304  -2416981.746  5385234.284  2408086.141  0.085  -0.029  -0.008  
390125.404  -2416978.960  5385230.554  2408087.969  -0.039  -0.061  0.084  
390125.504  -2416978.810  5385231.639  2408089.163  -0.068  0.127  -0.017  
390125.604  -2416981.944  5385232.375  2408087.942  0.035  0.056  -0.087  
390125.704  -2416980.848  5385227.375  2408093.792  -0.153  -0.053  0.007  
390125.804  -2416976.895  5385224.348  2408087.917  0.059  -0.118  -0.092  
390125.904  -2416978.672  5385222.522  2408088.206  0.070  -0.273  -0.098  
390126.004  -2416978.108  5385224.714  2408087.661  0.153  -0.067  -0.035  
390126.104  -2416982.811  5385226.010  2408088.581  -0.028  0.072  0.043  
390126.204  -2416979.394  5385226.968  2408088.555  -0.082  0.404  -0.052  
390126.304  -2416981.819  5385225.576  2408087.430  -0.086  0.146  -0.086  
390126.404  -2416983.237  5385230.131  2408088.109  -0.107  0.196  0.030  
390126.504  -2416983.352  5385231.657  2408085.255  -0.057  0.187  0.123  
390126.604  -2416980.974  5385233.194  2408086.160  0.030  0.072  0.103  
390126.704  -2416983.153  5385235.928  2408088.495  0.049  0.100  0.131  
390126.804  -2416981.002  5385225.673  2408083.943  -0.173  0.182  0.111  
390126.904  -2416981.502  5385228.132  2408085.375  0.023  -0.023  -0.120  
390127.004  -2416983.748  5385230.166  2408085.965  -0.143  0.022  0.090  
390127.104  -2416985.377  5385234.204  2408090.375  0.027  0.322  0.111  
390127.204  -2416985.660  5385235.691  2408089.850  0.220  -0.272  -0.050  
390127.304  -2416982.447  5385231.985  2408091.553  0.322  -0.415  -0.216  
390127.404  -2416982.693  5385232.623  2408090.295  0.103  -0.131  0.024  
390127.504  -2416981.785  5385229.833  2408088.322  0.092  -0.013  0.008  
390127.604  -2416981.277  5385229.610  2408086.715  -0.030  0.026  0.047  
390127.704  -2416983.770  5385231.709  2408086.784  0.226  -0.403  -0.184  
390127.804  -2416983.064  5385232.421  2408086.711  0.144  -0.211  -0.101  
390127.904  -2416982.161  5385227.933  2408086.784  0.246  -0.182  0.076  
390128.004  -2416980.538  5385226.904  2408085.349  -0.346  0.606  -0.114  
390128.104  -2416980.931  5385227.487  2408085.202  0.023  -0.315  -0.184  
390128.204  -2416982.594  5385228.465  2408084.320  0.013  0.022  0.063  
390128.304  -2416984.868  5385232.247  2408084.731  0.073  -0.187  -0.134  
390128.404  -2416980.649  5385227.314  2408089.732  -0.123  0.295  0.125  
390128.504  -2416981.947  5385228.755  2408089.623  -0.008  0.118  0.060  
390128.604  -2416983.453  5385227.846  2408090.682  0.084  -0.127  -0.020  
390128.704  -2416985.491  5385232.295  2408090.583  0.153  -0.227  -0.066  
390128.804  -2416984.635  5385229.867  2408088.527  -0.043  -0.035  0.083  
390128.904  -2416981.416  5385227.951  2408087.525  0.028  -0.101  -0.044  
390129.004  -2416979.130  5385224.712  2408090.016  0.042  0.027  -0.081  
390129.104  -2416979.599  5385223.116  2408086.927  -0.082  0.021  -0.076  
390129.204  -2416982.141  5385226.473  2408084.697  0.114  -0.125  -0.119  
390129.304  -2416980.140  5385218.307  2408086.473  -0.176  0.098  -0.046  
390129.404  -2416981.262  5385222.039  2408087.040  -0.119  0.070  -0.017  
390129.504  -2416982.455  5385224.599  2408087.021  0.028  -0.090  -0.076  
390129.604  -2416982.418  5385228.264  2408084.911  0.046  -0.179  -0.054  
390129.704  -2416985.273  5385230.498  2408083.587  -0.140  0.348  0.067  
390129.804  -2416979.999  5385226.760  2408086.474  0.037  0.147  -0.013  
390129.904  -2416979.640  5385225.752  2408084.764  -0.069  -0.048  0.040  
390130.004  -2416978.814  5385221.757  2408083.673  -0.076  0.360  0.036  
390130.104  -2416978.825  5385222.492  2408084.295  -0.070  0.359  -0.021  
390130.204  -2416981.273  5385227.674  2408087.774  0.023  -0.106  0.003  
390130.304  -2416980.210  5385223.228  2408088.305  0.030  0.025  0.060  
390130.404  -2416983.567  5385230.295  2408088.667  0.005  -0.104  0.130  
390130.504  -2416984.999  5385233.139  2408086.974  -0.123  0.347  -0.094  
390130.604  -2416985.065  5385228.979  2408087.523  0.083  -0.100  -0.018  
390130.704  -2416982.243  5385228.112  2408090.734  0.249  -0.407  -0.088  
390130.804  -2416980.402  5385227.226  2408092.233  -0.008  0.214  0.062  
390130.904  -2416982.778  5385224.679  2408089.270  0.073  -0.183  -0.007  
390131.004  -2416985.993  5385227.442  2408091.988  0.099  -0.362  -0.204  
390131.104  -2416984.494  5385228.057  2408090.353  0.056  0.028  0.088  
390131.204  -2416985.393  5385227.222  2408091.515  0.025  0.000  0.098  
390131.304  -2416980.774  5385225.064  2408091.899  -0.032  -0.120  -0.035  
390131.404  -2416982.240  5385231.333  2408090.682  -0.033  -0.209  -0.051  
390131.504  -2416982.208  5385231.446  2408088.517  0.070  -0.252  -0.145  
390131.604  -2416986.645  5385236.611  2408089.774  0.023  0.009  0.091  
390131.704  -2416984.340  5385233.013  2408088.683  0.162  -0.021  -0.054  
390131.804  -2416982.150  5385232.619  2408085.086  -0.183  0.550  0.041  
390131.904  -2416982.676  5385234.848  2408087.612  0.153  -0.067  0.005  
390132.004  -2416983.669  5385236.324  2408085.712  -0.114  -0.079  0.099  
390132.104  -2416982.212  5385233.360  2408084.836  0.057  -0.110  -0.090  
390132.204  -2416988.036  5385237.116  2408087.138  -0.115  0.069  -0.001  
390132.304  -2416984.686  5385231.996  2408083.367  -0.008  -0.046  -0.043  
390132.404  -2416985.949  5385228.881  2408084.335  -0.042  0.329  -0.001  
390132.504  -2416986.185  5385227.813  2408085.578  -0.081  0.198  0.035  
390132.604  -2416986.715  5385232.205  2408086.885  0.199  0.170  0.072  
390132.704  -2416984.066  5385231.270  2408086.796  0.014  -0.028  -0.089  
390132.804  -2416981.043  5385221.595  2408086.298  0.287  -0.327  -0.057  
390132.904  -2416981.868  5385219.753  2408087.706  -0.022  -0.010  0.082  
390133.004  -2416979.920  5385219.405  2408085.534  0.119  -0.345  -0.118  
390133.104  -2416982.422  5385224.699  2408088.773  -0.015  0.101  0.004  
390133.204  -2416979.153  5385221.767  2408086.781  -0.179  0.382  0.166  
390133.304  -2416978.678  5385222.108  2408085.866  -0.045  -0.128  -0.013  
390133.404  -2416980.352  5385226.925  2408085.968  -0.103  0.100  -0.018  
390133.504  -2416978.584  5385226.634  2408088.879  0.088  -0.267  -0.034  
390133.604  -2416978.430  5385222.672  2408093.965  0.049  -0.094  0.103  
390133.704  -2416980.037  5385220.526  2408089.224  -0.035  0.035  0.040  
390133.804  -2416977.972  5385220.668  2408086.134  0.114  0.088  -0.005  
390133.904  -2416978.305  5385224.462  2408086.271  -0.043  0.306  0.068  
390134.004  -2416980.794  5385229.286  2408086.077  0.083  -0.299  -0.047  
390134.104  -2416976.476  5385222.506  2408088.609  -0.162  0.239  0.055  
390134.204  -2416976.852  5385226.569  2408088.770  0.098  -0.264  -0.009  
390134.304  -2416982.048  5385231.778  2408088.212  -0.034  -0.079  0.010  
390134.404  -2416982.521  5385230.419  2408086.936  0.140  -0.070  0.068  
390134.504  -2416982.486  5385227.674  2408088.362  -0.023  0.106  -0.005  
390134.604  -2416980.076  5385223.123  2408090.014  -0.269  0.349  0.049  
390134.704  -2416980.849  5385227.587  2408088.894  -0.058  -0.020  -0.003  
390134.804  -2416982.458  5385229.285  2408086.082  -0.026  0.096  -0.025  
390134.904  -2416981.010  5385225.900  2408083.087  -0.020  -0.155  -0.100  
390135.004  -2416980.464  5385224.328  2408085.946  0.040  -0.044  -0.060  
390135.104  -2416977.749  5385218.065  2408088.296  -0.077  0.045  -0.033  
390135.204  -2416978.804  5385225.768  2408088.939  -0.060  0.193  0.036  
390135.304  -2416978.827  5385229.176  2408088.858  0.174  -0.285  -0.194  
390135.404  -2416979.866  5385230.316  2408088.314  0.112  -0.094  -0.001  
390135.504  -2416981.337  5385231.411  2408089.094  -0.150  0.115  -0.027  
390135.604  -2416979.402  5385232.581  2408090.696  0.330  -0.177  -0.133  
390135.704  -2416981.836  5385237.233  2408088.910  0.060  -0.156  -0.140  
390135.804  -2416982.366  5385238.660  2408092.247  -0.086  0.013  -0.083  
390135.904  -2416981.995  5385237.610  2408093.734  -0.066  0.002  0.166  
390136.004  -2416983.233  5385234.823  2408089.489  -0.047  -0.077  -0.102  
390136.104  -2416985.657  5385236.609  2408086.075  0.293  -0.434  -0.075  
390136.204  -2416991.916  5385243.538  2408088.684  -0.041  0.145  0.046  
390136.304  -2416991.501  5385244.218  2408087.031  0.029  0.072  -0.036  
390136.404  -2416988.379  5385238.848  2408085.173  -0.215  0.193  0.010  
390136.504  -2416984.156  5385232.846  2408084.801  0.111  -0.144  -0.035  
390136.604  -2416980.309  5385228.569  2408086.894  -0.022  -0.030  0.060  
390136.704  -2416983.307  5385227.966  2408085.075  -0.012  -0.012  -0.138  
390136.804  -2416981.186  5385228.875  2408086.465  -0.300  0.572  -0.137  
390136.904  -2416980.530  5385226.345  2408085.838  -0.145  0.044  -0.043  
390137.004  -2416982.189  5385225.983  2408088.563  -0.132  0.095  0.145  
390137.104  -2416978.568  5385222.046  2408089.830  -0.090  0.050  0.086  
390137.204  -2416979.405  5385224.791  2408086.601  -0.025  0.239  -0.010  
390137.304  -2416982.478  5385229.980  2408085.941  -0.076  -0.097  -0.075  
390137.404  -2416984.104  5385233.157  2408082.883  -0.133  0.177  0.170  
390137.504  -2416983.842  5385229.297  2408081.923  0.167  -0.185  -0.003  
390137.604  -2416978.041  5385224.188  2408084.773  0.047  0.091  -0.096  
390137.704  -2416977.297  5385226.647  2408085.844  0.029  -0.032  -0.017  
390137.804  -2416976.350  5385225.991  2408084.800  -0.066  0.097  0.073  
390137.904  -2416980.462  5385224.627  2408082.995  0.078  -0.162  -0.064  
390138.004  -2416977.670  5385223.213  2408086.152  0.099  -0.002  0.000  
390138.104  -2416974.309  5385219.938  2408085.299  0.070  -0.025  -0.044  
390138.204  -2416976.469  5385224.299  2408084.133  0.102  -0.140  -0.086  
390138.304  -2416978.502  5385227.374  2408085.791  0.001  0.178  0.070  
390138.404  -2416980.939  5385229.731  2408083.141  0.079  -0.182  0.019  
390138.504  -2416979.817  5385228.855  2408084.519  -0.137  -0.012  -0.030  
390138.604  -2416979.795  5385228.924  2408085.198  -0.093  0.070  0.140  
390138.704  -2416977.823  5385223.832  2408091.240  0.209  -0.168  -0.017  
390138.804  -2416981.319  5385230.586  2408090.340  -0.109  0.485  0.066  
390138.904  -2416985.323  5385231.101  2408090.921  0.232  -0.337  -0.117  
390139.004  -2416985.767  5385231.152  2408087.985  0.109  -0.311  0.063  
390139.104  -2416985.191  5385233.259  2408091.426  -0.017  -0.125  -0.030  
390139.204  -2416987.723  5385238.075  2408091.954  0.151  -0.156  -0.043  
390139.304  -2416989.088  5385236.498  2408092.946  -0.027  -0.155  -0.010  
390139.404  -2416982.399  5385228.178  2408092.389  0.060  -0.088  0.042  
390139.504  -2416980.993  5385230.202  2408089.866  0.133  -0.312  0.089  
390139.604  -2416981.468  5385230.864  2408087.726  0.040  -0.145  -0.047  
390139.704  -2416980.818  5385229.172  2408085.754  -0.041  0.058  -0.138  
390139.804  -2416982.991  5385228.295  2408085.055  0.119  -0.182  0.014  
390139.904  -2416981.877  5385228.640  2408086.209  0.193  -0.300  -0.034  
390140.004  -2416981.800  5385227.177  2408087.868  -0.036  0.133  0.059  
390140.104  -2416979.621  5385224.891  2408087.561  0.129  -0.257  -0.019  
390140.204  -2416976.080  5385220.376  2408087.146  0.213  -0.341  -0.023  
390140.304  -2416973.290  5385218.907  2408088.512  -0.084  0.183  0.042  
390140.404  -2416974.507  5385217.694  2408087.149  0.117  -0.087  -0.055  
390140.504  -2416973.023  5385214.832  2408087.763  -0.029  -0.065  -0.003  
390140.604  -2416975.255  5385221.026  2408086.548  0.079  0.207  0.035  
390140.704  -2416975.920  5385223.509  2408086.585  0.291  -0.315  -0.120  
390140.804  -2416973.347  5385222.150  2408086.856  -0.035  0.016  -0.108  
390140.904  -2416974.650  5385224.894  2408084.849  0.036  0.033  -0.009  
390141.004  -2416975.379  5385225.139  2408088.372  -0.078  0.076  0.016  
390141.104  -2416972.431  5385212.865  2408089.798  -0.109  0.108  0.126  
390141.204  -2416973.652  5385216.868  2408087.976  -0.009  0.065  -0.004  
390141.304  -2416976.943  5385221.695  2408086.080  -0.100  0.222  0.094  
390141.404  -2416979.688  5385224.347  2408086.534  -0.095  0.136  -0.006  
390141.504  -2416983.418  5385230.632  2408087.862  0.042  0.124  -0.038  
390141.604  -2416984.018  5385230.686  2408087.962  0.004  -0.135  -0.064  
390141.704  -2416984.591  5385228.413  2408089.727  -0.122  0.240  0.070  
390141.804  -2416982.748  5385228.625  2408089.057  0.002  0.358  0.132  
390141.904  -2416984.646  5385228.635  2408087.312  0.095  -0.290  -0.046  
390142.004  -2416988.885  5385237.281  2408090.302  0.098  -0.214  -0.078  
390142.104  -2416981.314  5385229.238  2408089.487  0.173  -0.312  -0.074  
390142.204  -2416983.517  5385232.725  2408087.061  0.123  -0.208  -0.069  
390142.304  -2416984.105  5385234.891  2408090.244  -0.031  -0.037  0.015  
390142.404  -2416982.227  5385233.751  2408090.718  0.061  -0.262  -0.181  
390142.504  -2416979.737  5385230.925  2408087.343  -0.092  0.413  -0.043  
390142.604  -2416983.457  5385229.211  2408086.677  -0.014  0.416  0.124  
390142.704  -2416986.360  5385229.633  2408086.689  -0.030  0.347  0.170  
390142.804  -2416981.418  5385225.571  2408086.126  -0.077  0.116  0.006  
390142.904  -2416980.373  5385226.843  2408087.308  0.193  -0.410  0.239  
390143.004  -2416979.605  5385222.988  2408090.822  0.107  -0.095  -0.202  
390143.104  -2416978.820  5385223.001  2408087.571  0.123  -0.014  0.103  
390143.204  -2416978.789  5385225.577  2408088.788  -0.060  0.039  0.128  
390143.304  -2416977.197  5385227.734  2408086.336  -0.200  0.468  0.036  
390143.404  -2416978.582  5385224.331  2408085.477  0.060  0.002  -0.018  
390143.504  -2416977.682  5385218.302  2408084.713  -0.001  -0.239  -0.029  
390143.604  -2416977.579  5385222.086  2408085.339  -0.181  0.275  0.091  
390143.704  -2416978.090  5385224.609  2408086.844  0.140  -0.023  -0.129  
390143.804  -2416976.913  5385225.555  2408087.553  -0.002  -0.126  -0.092  
390143.904  -2416977.865  5385227.487  2408087.240  0.056  0.007  0.045  
390144.004  -2416978.084  5385225.400  2408087.827  -0.050  0.050  0.048  
390144.104  -2416979.303  5385227.260  2408085.647  0.212  -0.265  -0.072  
390144.204  -2416976.699  5385225.413  2408086.003  -0.082  0.224  0.039  
390144.304  -2416976.839  5385225.678  2408088.285  -0.092  0.122  -0.067  
390144.404  -2416973.560  5385222.915  2408087.288  -0.004  -0.396  0.099  
390144.504  -2416981.769  5385229.673  2408090.617  0.010  0.238  0.116  
390144.604  -2416981.598  5385230.082  2408088.313  -0.105  -0.039  -0.060  
390144.704  -2416984.970  5385232.844  2408086.485  0.083  -0.082  -0.032  
390144.804  -2416979.735  5385225.260  2408085.941  0.000  -0.005  0.051  
390144.904  -2416979.210  5385221.961  2408087.512  -0.037  0.091  0.080  
390145.004  -2416980.935  5385224.532  2408086.932  -0.074  0.348  -0.050  
390145.104  -2416979.192  5385225.115  2408085.693  -0.037  0.175  0.008  
390145.204  -2416985.492  5385235.852  2408087.416  -0.014  0.043  -0.011  
390145.304  -2416982.691  5385228.728  2408084.862  -0.098  -0.204  -0.058  
390145.404  -2416982.702  5385229.259  2408081.908  0.065  -0.144  -0.059  
390145.504  -2416984.554  5385232.518  2408089.652  -0.005  -0.038  0.026  
390145.604  -2416983.213  5385224.766  2408085.600  0.231  -0.385  -0.118  
390145.704  -2416979.340  5385222.447  2408083.029  0.148  -0.255  -0.016  
390145.804  -2416980.686  5385225.364  2408083.432  -0.004  0.036  -0.045  
390145.904  -2416979.429  5385226.049  2408087.088  0.016  0.160  -0.062  
390146.004  -2416982.654  5385227.872  2408086.458  -0.038  -0.169  -0.067  
390146.104  -2416977.730  5385224.632  2408088.220  -0.203  0.420  0.170  
390146.204  -2416975.062  5385222.574  2408087.636  0.026  -0.014  0.092  
390146.304  -2416975.395  5385223.228  2408088.682  0.076  -0.178  0.110  
390146.404  -2416979.708  5385230.661  2408089.322  0.106  0.333  0.073  
390146.504  -2416979.285  5385231.004  2408086.591  -0.165  0.291  0.100  
390146.604  -2416978.450  5385227.655  2408085.312  -0.004  0.015  0.046  
390146.704  -2416979.278  5385224.837  2408086.668  -0.118  0.087  -0.041  
390146.804  -2416982.657  5385230.721  2408089.003  -0.087  0.284  0.057  
390146.904  -2416985.711  5385235.171  2408089.720  -0.074  0.034  -0.003  
390147.004  -2416987.537  5385239.371  2408089.017  0.134  -0.285  -0.046  
390147.104  -2416986.454  5385239.926  2408089.321  -0.094  0.081  0.024  
390147.204  -2416985.420  5385239.162  2408087.874  0.301  -0.213  -0.098  
390147.304  -2416989.003  5385240.674  2408086.647  0.103  -0.200  0.080  
390147.404  -2416984.675  5385232.903  2408083.626  0.126  0.174  0.023  
390147.504  -2416982.702  5385229.943  2408083.800  -0.216  0.425  0.128  
390147.604  -2416983.125  5385228.471  2408088.367  0.395  -0.862  -0.095  
390147.704  -2416980.259  5385223.621  2408085.812  -0.079  -0.030  -0.021  
390147.804  -2416979.276  5385217.795  2408084.069  -0.091  0.417  0.233  
390147.904  -2416980.760  5385217.222  2408084.492  -0.060  -0.029  0.045  
390148.004  -2416980.618  5385220.191  2408088.450  -0.263  0.328  0.079  
390148.104  -2416983.893  5385226.939  2408085.920  -0.263  0.322  0.076  
390148.204  -2416980.819  5385226.936  2408086.987  -0.035  0.106  0.011  
390148.304  -2416978.333  5385219.528  2408087.163  -0.048  0.168  0.154  
390148.404  -2416976.312  5385215.195  2408084.940  0.051  0.038  -0.057  
390148.504  -2416981.583  5385224.809  2408084.147  0.279  -0.154  -0.011  
390148.604  -2416983.333  5385227.468  2408085.986  0.027  0.071  -0.092  
390148.704  -2416984.405  5385231.460  2408086.093  0.041  -0.121  -0.038  
390148.804  -2416980.101  5385221.660  2408085.499  -0.247  0.202  0.327  
390148.904  -2416979.809  5385226.551  2408087.158  -0.098  0.080  -0.056  
390149.004  -2416978.498  5385226.653  2408086.806  -0.107  0.330  0.013  
390149.104  -2416978.040  5385226.542  2408084.895  0.032  -0.157  0.110  
390149.204  -2416979.871  5385230.093  2408088.147  -0.035  0.169  0.035  
390149.304  -2416978.894  5385230.642  2408088.489  0.048  -0.247  -0.103  
390149.404  -2416978.360  5385225.440  2408092.968  0.043  -0.213  0.014  
390149.504  -2416978.941  5385228.869  2408093.088  -0.040  0.036  0.062  
390149.604  -2416978.942  5385229.623  2408090.783  -0.004  -0.000  -0.064  
390149.704  -2416982.779  5385234.452  2408091.673  -0.039  0.091  -0.098  
390149.804  -2416980.834  5385232.224  2408093.399  0.194  -0.222  -0.151  
390149.904  -2416979.317  5385229.873  2408089.768  0.002  0.150  0.085  
390150.004  -2416980.927  5385229.410  2408086.445  0.260  -0.281  -0.055  
390150.104  -2416978.772  5385227.685  2408084.827  0.153  -0.124  -0.049  
390150.204  -2416979.961  5385229.525  2408086.612  -0.099  0.067  -0.039  
390150.304  -2416981.521  5385230.591  2408088.161  0.037  -0.157  -0.120  
390150.404  -2416983.361  5385232.065  2408087.252  -0.152  -0.130  -0.122  
390150.504  -2416980.812  5385229.185  2408087.278  0.018  0.077  -0.006  
390150.604  -2416982.600  5385230.691  2408086.629  0.068  -0.008  0.169  
390150.704  -2416980.146  5385226.028  2408088.905  -0.015  0.086  0.048  
390150.804  -2416981.749  5385228.301  2408088.649  0.135  -0.129  0.049  
390150.904  -2416980.407  5385226.493  2408086.639  -0.054  -0.030  -0.027  
390151.004  -2416981.358  5385227.465  2408084.266  0.117  -0.167  0.029  
390151.104  -2416981.709  5385227.184  2408081.593  -0.074  -0.019  0.059  
390151.204  -2416979.082  5385225.176  2408083.633  0.054  -0.126  -0.006  
390151.304  -2416981.402  5385229.410  2408083.767  0.003  -0.099  -0.015  
390151.404  -2416985.018  5385233.424  2408084.383  -0.020  0.094  -0.011  
390151.504  -2416980.415  5385226.678  2408090.346  -0.228  0.081  0.083  
390151.604  -2416979.324  5385222.731  2408089.113  -0.078  -0.187  -0.089  
390151.704  -2416976.906  5385221.976  2408087.963  0.105  -0.155  -0.087  
390151.804  -2416970.403  5385203.256  2408082.632  0.328  -0.548  -0.182  
390151.904  -2416974.314  5385209.889  2408082.588  0.131  0.102  -0.017  
390152.004  -2416978.606  5385214.940  2408084.431  0.162  -0.214  -0.046  
390152.104  -2416983.794  5385219.443  2408085.490  -0.099  0.038  -0.064  
390152.204  -2416986.083  5385225.127  2408089.485  -0.045  -0.024  -0.027  
390152.304  -2416985.996  5385228.442  2408088.561  -0.242  0.416  0.100  
390152.404  -2416984.374  5385227.287  2408088.282  -0.071  -0.097  -0.120  
390152.504  -2416984.194  5385230.971  2408090.164  0.135  -0.119  0.006  
390152.604  -2416984.234  5385233.718  2408089.338  0.122  -0.137  -0.043  
390152.704  -2416984.905  5385235.834  2408089.947  -0.188  0.177  0.075  
390152.804  -2416987.740  5385233.263  2408093.528  0.058  -0.089  -0.006  
390152.904  -2416987.687  5385235.855  2408092.453  0.134  -0.264  0.025  
390153.004  -2416989.284  5385239.762  2408089.688  -0.079  0.227  0.029  
390153.104  -2416988.523  5385236.642  2408088.134  0.058  -0.139  -0.037  
390153.204  -2416989.896  5385239.489  2408089.662  0.186  -0.445  -0.205  
390153.304  -2416986.819  5385234.735  2408090.641  -0.089  0.098  0.097  
390153.404  -2416982.419  5385230.539  2408091.198  0.040  0.012  -0.018  
390153.504  -2416985.050  5385235.183  2408088.213  0.135  -0.106  -0.031  
390153.604  -2416983.386  5385232.549  2408086.555  0.050  0.021  0.005  
390153.704  -2416981.809  5385229.714  2408084.634  0.063  0.035  0.051  
390153.804  -2416980.719  5385225.344  2408082.032  0.051  0.252  0.083  
390153.904  -2416978.923  5385224.527  2408081.761  -0.085  0.379  0.043  
390154.004  -2416978.715  5385222.174  2408082.771  0.109  -0.110  -0.050  
390154.104  -2416975.555  5385220.277  2408086.582  -0.117  0.279  0.140  
390154.204  -2416978.553  5385223.351  2408089.559  0.109  -0.317  -0.013  
390154.304  -2416978.330  5385225.442  2408089.119  -0.118  0.016  0.044  
390154.404  -2416979.337  5385226.627  2408089.368  0.066  0.053  -0.053  
390154.504  -2416979.340  5385224.377  2408091.949  -0.097  0.263  0.022  
390154.604  -2416981.517  5385230.289  2408093.163  -0.102  0.333  0.080  
390154.704  -2416980.552  5385230.023  2408090.426  -0.171  0.291  -0.055  
390154.804  -2416981.285  5385219.903  2408085.401  0.125  -0.181  -0.021  
390154.904  -2416978.787  5385222.897  2408085.439  -0.054  0.164  0.013  
390155.004  -2416977.497  5385223.681  2408087.089  -0.008  0.131  0.107  
390155.104  -2416976.765  5385223.890  2408087.170  0.020  -0.139  -0.008  
390155.204  -2416979.564  5385226.396  2408087.650  -0.116  0.180  -0.052  
390155.304  -2416981.423  5385230.228  2408086.507  -0.010  -0.130  0.061  
390155.404  -2416980.988  5385225.428  2408085.887  -0.035  0.082  0.056  
390155.504  -2416979.464  5385224.442  2408086.246  0.043  -0.225  -0.078  
390155.604  -2416981.363  5385227.054  2408086.469  -0.026  0.045  -0.022  
390155.704  -2416978.226  5385226.109  2408087.270  -0.005  -0.034  -0.045  
390155.804  -2416977.430  5385224.471  2408087.046  -0.261  0.074  -0.013  
390155.904  -2416978.326  5385226.025  2408086.743  -0.061  0.160  -0.064  
390156.004  -2416980.212  5385228.120  2408088.830  0.062  -0.162  -0.116  
390156.104  -2416979.053  5385221.625  2408089.066  -0.190  0.198  -0.066  
390156.204  -2416978.222  5385222.551  2408086.599  0.067  -0.240  0.027  
390156.304  -2416979.797  5385220.751  2408087.092  -0.030  0.132  0.070  
390156.404  -2416978.881  5385223.758  2408087.031  -0.052  0.039  -0.065  
390156.504  -2416983.026  5385229.873  2408088.260  -0.059  0.339  0.062  
390156.604  -2416985.273  5385232.932  2408086.844  -0.001  -0.270  -0.009  
390156.704  -2416983.347  5385232.609  2408085.224  -0.042  0.202  -0.029  
390156.804  -2416983.287  5385233.325  2408090.834  -0.205  0.340  0.144  
390156.904  -2416980.503  5385230.689  2408090.614  -0.080  0.265  0.084  
390157.004  -2416979.885  5385225.672  2408087.188  0.047  -0.065  -0.005  
390157.104  -2416979.992  5385226.226  2408086.255  0.170  -0.200  -0.038  
390157.204  -2416979.087  5385224.861  2408084.113  -0.123  0.209  0.053  
390157.304  -2416978.779  5385223.051  2408088.798  0.047  0.245  0.071  
390157.404  -2416979.493  5385216.883  2408085.590  -0.023  -0.137  0.048  
390157.504  -2416980.550  5385218.297  2408086.215  -0.122  0.092  0.062  
390157.604  -2416985.114  5385226.469  2408084.542  0.176  -0.093  -0.047  
390157.704  -2416982.986  5385227.872  2408084.495  -0.178  0.288  0.151  
390157.804  -2416980.123  5385225.860  2408087.715  -0.025  -0.036  -0.097  
390157.904  -2416981.741  5385228.512  2408089.021  -0.141  0.080  0.067  
390158.004  -2416979.641  5385225.094  2408087.740  -0.056  0.004  0.046  
390158.104  -2416979.287  5385226.560  2408087.738  -0.013  -0.045  0.046  
390158.204  -2416975.554  5385219.513  2408086.807  0.009  0.172  0.002  
390158.304  -2416973.885  5385220.447  2408086.506  -0.014  0.117  0.068  
390158.404  -2416975.174  5385219.497  2408082.710  0.128  -0.058  -0.060  
390158.504  -2416977.315  5385220.302  2408086.377  -0.085  0.120  0.016  
390158.604  -2416981.817  5385224.795  2408088.028  0.028  -0.028  -0.094  
390158.704  -2416980.208  5385223.513  2408084.769  0.088  0.036  0.012  
390158.804  -2416983.598  5385227.346  2408086.175  0.187  -0.367  -0.044  
390158.904  -2416983.083  5385228.370  2408087.491  -0.136  0.309  0.142  
390159.004  -2416985.380  5385227.060  2408086.176  0.045  -0.084  -0.036  
390159.104  -2416984.737  5385229.458  2408086.950  0.111  -0.096  -0.024  
390159.204  -2416986.867  5385227.970  2408091.353  -0.077  0.053  -0.062  
390159.304  -2416983.864  5385226.619  2408089.320  0.109  -0.160  -0.057  
390159.404  -2416983.052  5385229.798  2408088.818  0.082  -0.014  -0.016  
390159.504  -2416981.345  5385232.342  2408089.035  0.014  0.051  0.062  
390159.604  -2416980.339  5385231.729  2408086.460  0.037  0.041  0.057  
390159.704  -2416985.105  5385237.394  2408090.782  0.088  0.007  -0.123  
390159.804  -2416983.436  5385231.756  2408088.694  0.124  -0.190  -0.050  
390159.904  -2416979.941  5385228.255  2408087.604  0.079  0.454  0.067  
390160.004  -2416986.268  5385238.599  2408088.029  -0.278  0.166  0.051  
390160.104  -2416980.384  5385222.705  2408086.585  0.043  -0.039  -0.012  
390160.204  -2416978.865  5385219.248  2408082.270  -0.010  0.096  0.008  
390160.304  -2416978.188  5385220.180  2408081.032  0.331  -0.805  0.033  
390160.404  -2416978.351  5385220.852  2408084.656  -0.032  0.003  -0.005  
390160.504  -2416981.861  5385228.398  2408083.856  0.140  -0.089  -0.117  
390160.604  -2416983.663  5385229.395  2408083.715  0.101  -0.163  -0.086  
390160.704  -2416983.511  5385230.794  2408083.866  0.086  -0.180  -0.140  
390160.804  -2416978.352  5385223.763  2408085.526  0.076  0.015  -0.055  
390160.904  -2416980.348  5385227.047  2408086.954  -0.136  0.109  0.020  
390161.004  -2416983.259  5385229.540  2408088.046  -0.031  -0.120  -0.058  
390161.104  -2416980.584  5385227.231  2408088.754  0.043  0.069  -0.010  
390161.204  -2416978.836  5385224.470  2408087.513  -0.070  -0.019  -0.023  
390161.304  -2416980.781  5385226.242  2408087.616  0.095  -0.126  -0.131  
390161.404  -2416981.467  5385228.694  2408088.150  0.014  0.030  -0.034  
390161.504  -2416982.434  5385230.181  2408088.737  0.048  0.072  0.063  
390161.604  -2416982.487  5385224.649  2408085.968  0.006  -0.118  -0.018  
390161.704  -2416983.372  5385227.980  2408085.609  -0.082  0.436  0.173  
390161.804  -2416983.756  5385227.237  2408087.303  0.077  -0.185  -0.176  
390161.904  -2416980.604  5385225.694  2408085.385  0.095  -0.020  -0.044  
390162.004  -2416972.849  5385216.912  2408087.363  0.036  -0.210  0.028  
390162.104  -2416978.886  5385223.440  2408090.286  0.097  -0.170  -0.107  
390162.204  -2416980.994  5385222.990  2408087.892  -0.037  0.022  0.062  
390162.304  -2416980.781  5385224.680  2408084.659  -0.004  -0.085  -0.067  
390162.404  -2416975.527  5385219.328  2408087.547  0.121  -0.289  0.025  
390162.504  -2416979.932  5385225.249  2408089.903  0.050  0.080  0.050  
390162.604  -2416981.390  5385229.520  2408091.310  -0.189  0.012  0.014  
390162.704  -2416981.365  5385229.691  2408087.182  -0.071  -0.039  0.049  
390162.804  -2416979.063  5385226.923  2408085.165  -0.027  -0.079  -0.118  
390162.904  -2416979.909  5385223.753  2408086.492  -0.129  0.166  -0.087  
390163.004  -2416981.741  5385230.446  2408088.751  -0.292  0.432  -0.032  
390163.104  -2416983.315  5385231.769  2408090.664  0.048  -0.195  0.103  
390163.204  -2416985.077  5385236.051  2408089.585  0.013  0.035  0.007  
390163.304  -2416980.811  5385233.127  2408088.811  0.261  -0.300  -0.035  
390163.404  -2416984.032  5385236.078  2408092.689  0.163  -0.071  0.113  
390163.504  -2416983.106  5385230.551  2408090.486  0.077  -0.270  -0.022  
390163.604  -2416979.488  5385223.546  2408088.411  -0.088  0.163  0.057  
390163.704  -2416980.058  5385223.683  2408087.462  0.103  -0.167  0.043  
390163.804  -2416979.343  5385224.503  2408085.920  0.221  -0.191  -0.033  
390163.904  -2416979.399  5385218.182  2408086.749  0.031  -0.060  -0.172  
390164.004  -2416981.755  5385221.205  2408085.465  0.057  -0.057  -0.054  
390164.104  -2416977.708  5385219.547  2408084.551  -0.172  0.120  -0.049  
390164.204  -2416981.688  5385222.496  2408086.150  -0.221  0.464  0.044  
390164.304  -2416979.690  5385225.246  2408085.611  -0.076  0.100  0.033  
390164.404  -2416977.738  5385220.183  2408083.535  0.021  -0.186  -0.116  
390164.504  -2416979.975  5385226.671  2408083.686  -0.024  0.111  0.041  
390164.604  -2416980.770  5385230.163  2408083.508  -0.030  0.114  -0.039  
390164.704  -2416978.449  5385223.005  2408082.646  -0.205  0.345  0.021  
390164.804  -2416980.523  5385225.766  2408085.301  -0.101  0.260  -0.063  
390164.904  -2416978.920  5385225.261  2408082.936  -0.080  0.110  0.046  
390165.004  -2416977.131  5385223.745  2408082.594  0.061  -0.241  -0.025  
390165.104  -2416976.565  5385221.488  2408084.395  0.103  -0.069  0.062  
390165.204  -2416982.006  5385229.830  2408083.660  -0.085  -0.085  0.018  
390165.304  -2416979.703  5385229.565  2408083.687  0.141  -0.216  0.052  
390165.404  -2416979.221  5385228.293  2408085.127  -0.188  0.128  -0.027  
390165.504  -2416982.099  5385226.899  2408088.182  -0.079  -0.050  0.040  
390165.604  -2416982.802  5385227.319  2408087.886  0.070  -0.278  -0.028  
390165.704  -2416983.375  5385224.913  2408087.574  -0.131  0.045  -0.065  
390165.804  -2416983.810  5385222.104  2408088.327  -0.045  -0.068  -0.058  
390165.904  -2416985.070  5385227.028  2408086.591  -0.004  0.106  0.046  
390166.004  -2416984.183  5385220.331  2408086.555  0.340  -0.393  0.005  
390166.104  -2416982.465  5385224.990  2408087.324  -0.063  0.075  -0.019  
390166.204  -2416982.331  5385230.287  2408087.760  0.085  -0.184  0.019  
390166.304  -2416977.898  5385227.109  2408085.011  -0.067  0.070  0.151  
390166.404  -2416980.303  5385226.100  2408086.906  0.040  -0.209  -0.036  
390166.504  -2416975.302  5385221.340  2408087.732  -0.127  0.077  0.143  
390166.604  -2416978.751  5385224.235  2408090.172  -0.103  -0.090  0.040  
390166.704  -2416979.331  5385226.316  2408089.855  0.098  -0.107  -0.104  
390166.804  -2416980.302  5385227.106  2408089.960  0.054  -0.186  -0.062  
390166.904  -2416975.753  5385226.447  2408086.949  -0.134  0.009  -0.091  
390167.004  -2416974.453  5385223.132  2408082.562  0.094  -0.126  -0.167  
390167.104  -2416979.741  5385230.130  2408081.856  0.070  -0.047  0.021  
390167.204  -2416977.149  5385224.441  2408082.508  0.070  -0.299  -0.046  
390167.304  -2416978.250  5385224.730  2408084.821  0.162  -0.079  -0.086  
390167.404  -2416979.950  5385227.586  2408085.273  -0.021  0.185  -0.070  
390167.504  -2416978.710  5385230.183  2408087.832  -0.021  0.063  -0.149  
390167.604  -2416977.908  5385219.694  2408088.374  0.210  -0.368  -0.132  
390167.704  -2416980.188  5385225.786  2408087.437  -0.005  -0.097  0.134  
390167.804  -2416979.857  5385227.192  2408085.973  -0.031  0.026  -0.058  
390167.904  -2416981.544  5385234.274  2408086.134  -0.022  -0.126  -0.203  
390168.004  -2416981.869  5385235.327  2408087.404  0.158  -0.202  0.070  
390168.104  -2416978.674  5385232.918  2408089.086  -0.033  0.116  -0.034  
390168.204  -2416977.918  5385231.986  2408089.880  0.052  -0.126  -0.011  
390168.304  -2416979.853  5385236.028  2408089.021  0.088  -0.119  -0.171  
390168.404  -2416981.829  5385238.560  2408091.206  0.008  0.162  0.030  
390168.504  -2416981.248  5385234.971  2408090.578  0.256  -0.129  0.080  
390168.604  -2416981.119  5385235.029  2408089.688  -0.002  -0.077  -0.072  
390168.704  -2416979.289  5385234.146  2408089.753  0.259  -0.546  -0.120  
390168.804  -2416984.063  5385237.901  2408090.154  0.066  0.038  -0.090  
390168.904  -2416981.706  5385235.895  2408087.936  -0.225  0.178  0.065  
390169.004  -2416981.549  5385231.796  2408088.258  -0.184  0.074  0.219  
390169.104  -2416983.165  5385234.955  2408087.700  0.164  -0.257  -0.008  
390169.204  -2416984.337  5385234.638  2408088.250  0.197  -0.102  -0.083  
390169.304  -2416978.798  5385218.662  2408084.399  0.129  0.044  -0.102  
390169.404  -2416975.901  5385217.242  2408085.047  -0.008  -0.065  -0.138  
390169.504  -2416977.168  5385215.398  2408084.831  -0.139  0.125  0.033  
390169.604  -2416980.917  5385221.909  2408085.679  -0.028  -0.064  -0.079  
390169.704  -2416978.049  5385218.865  2408085.146  0.008  0.014  -0.023  
390169.804  -2416983.423  5385229.757  2408084.289  0.258  -0.088  -0.005  
390169.904  -2416986.398  5385236.541  2408087.866  -0.183  0.061  -0.071  
390170.004  -2416985.796  5385236.035  2408086.840  -0.022  0.140  -0.144  
390170.104  -2416986.023  5385237.578  2408088.533  0.060  0.245  0.051  
390170.204  -2416984.649  5385236.728  2408086.980  -0.022  0.144  -0.043  
390170.304  -2416983.145  5385236.199  2408087.367  -0.129  0.234  0.087  
390170.404  -2416980.266  5385235.194  2408086.209  0.029  -0.081  0.002  
390170.504  -2416982.386  5385239.591  2408085.348  0.040  -0.201  0.044  
390170.604  -2416984.953  5385242.078  2408089.339  0.115  -0.049  -0.021  
390170.704  -2416981.945  5385233.269  2408089.691  -0.117  0.293  0.072  
390170.804  -2416979.386  5385230.137  2408089.609  -0.057  -0.081  0.053  
390170.904  -2416978.613  5385228.236  2408087.442  0.006  0.025  0.063  
390171.004  -2416976.778  5385223.882  2408086.850  -0.154  0.083  0.017  
390171.104  -2416977.574  5385225.703  2408087.584  0.124  -0.200  -0.115  
390171.204  -2416981.466  5385230.517  2408087.253  -0.108  0.436  0.196  
390171.304  -2416980.448  5385227.071  2408085.055  -0.026  -0.106  -0.007  
390171.404  -2416978.883  5385221.402  2408086.516  0.087  0.099  0.022  
390171.504  -2416983.887  5385226.516  2408088.068  0.083  -0.068  0.012  
390171.604  -2416982.473  5385228.796  2408088.303  0.215  -0.119  -0.046  
390171.704  -2416979.973  5385226.498  2408085.815  -0.148  0.293  -0.026  
390171.804  -2416979.778  5385227.785  2408087.353  0.156  -0.240  -0.097  
390171.904  -2416981.597  5385233.309  2408089.884  0.079  0.003  0.023  
390172.004  -2416983.159  5385230.480  2408088.361  0.084  0.011  0.195  
390172.104  -2416981.569  5385231.478  2408088.957  -0.008  -0.073  0.039  
390172.204  -2416981.066  5385227.001  2408090.221  0.076  -0.204  0.053  
390172.304  -2416981.375  5385226.546  2408088.507  -0.087  0.242  0.134  
390172.404  -2416983.283  5385229.577  2408089.677  -0.154  0.441  -0.181  
390172.504  -2416980.053  5385227.633  2408088.790  0.039  -0.159  0.001  
390172.604  -2416979.005  5385223.722  2408088.987  0.074  -0.126  -0.021  
390172.704  -2416979.027  5385219.821  2408084.497  -0.089  0.038  -0.116  
390172.804  -2416980.604  5385221.974  2408084.616  -0.033  0.029  -0.011  
390172.904  -2416978.090  5385223.415  2408085.933  -0.082  0.033  0.040  
390173.004  -2416982.978  5385232.905  2408088.960  0.039  -0.164  -0.029  
390173.104  -2416983.782  5385236.125  2408087.147  0.099  -0.281  -0.251  
390173.204  -2416982.282  5385235.311  2408087.237  0.037  -0.057  -0.001  
390173.304  -2416982.308  5385233.270  2408085.949  0.211  0.018  -0.070  
390173.404  -2416984.178  5385235.301  2408086.330  0.029  -0.179  -0.088  
390173.504  -2416984.182  5385237.134  2408087.078  0.042  0.180  0.061  
390173.604  -2416983.286  5385231.278  2408088.994  0.089  -0.121  -0.122  
390173.704  -2416981.694  5385227.577  2408092.472  -0.146  0.167  0.058  
390173.804  -2416983.610  5385231.659  2408092.411  0.010  -0.131  -0.108  
390173.904  -2416979.843  5385228.481  2408091.299  -0.091  0.162  0.018  
390174.004  -2416979.002  5385220.113  2408085.814  0.030  -0.302  0.008  
390174.104  -2416980.036  5385222.086  2408084.385  0.006  -0.070  0.034  
390174.204  -2416977.511  5385221.288  2408082.265  0.041  -0.028  -0.043  
390174.304  -2416974.320  5385215.109  2408086.554  0.123  -0.141  -0.087  
390174.404  -2416977.411  5385216.249  2408085.519  -0.125  0.286  0.102  
390174.504  -2416980.090  5385223.365  2408085.838  0.033  -0.079  -0.032  
390174.604  -2416984.294  5385231.762  2408085.552  0.052  0.103  -0.079  
390174.704  -2416986.109  5385234.994  2408085.426  -0.140  0.092  0.028  
390174.804  -2416982.812  5385232.197  2408086.431  -0.004  -0.025  0.054  
390174.904  -2416980.612  5385230.155  2408088.855  -0.010  -0.127  -0.015  
390175.004  -2416978.270  5385227.725  2408087.535  0.013  -0.263  -0.067  
390175.104  -2416979.257  5385227.117  2408089.564  -0.109  0.290  0.054  
390175.204  -2416984.368  5385230.361  2408089.848  0.092  -0.201  0.024  
390175.304  -2416983.814  5385232.765  2408087.459  -0.101  0.129  0.089  
390175.404  -2416981.057  5385230.160  2408084.972  -0.056  -0.012  -0.203  
390175.504  -2416984.997  5385234.135  2408086.194  -0.037  -0.030  0.061  
390175.604  -2416983.968  5385231.261  2408084.661  -0.258  0.002  0.232  
390175.704  -2416985.425  5385233.686  2408089.599  0.107  -0.194  -0.098  
390175.804  -2416985.684  5385231.339  2408088.743  0.192  -0.208  0.038  
390175.904  -2416985.082  5385222.823  2408087.589  0.050  -0.122  -0.048  
390176.004  -2416986.007  5385226.154  2408085.501  0.090  -0.035  -0.033  
390176.104  -2416984.401  5385226.837  2408087.404  -0.065  -0.046  -0.005  
390176.204  -2416985.894  5385228.961  2408088.142  0.131  -0.144  -0.064  
390176.304  -2416985.940  5385233.288  2408087.083  0.122  0.006  -0.017  
390176.404  -2416982.999  5385228.587  2408085.538  0.030  0.185  0.011  
390176.504  -2416981.384  5385227.750  2408085.939  -0.155  0.257  0.024  
390176.604  -2416980.678  5385227.169  2408086.870  0.095  -0.158  -0.082  
390176.704  -2416980.402  5385223.192  2408088.157  -0.046  0.062  0.013  
390176.804  -2416980.381  5385224.156  2408088.684  0.060  0.016  0.007  
390176.904  -2416978.854  5385219.944  2408086.962  -0.126  0.101  0.067  
390177.004  -2416977.928  5385222.072  2408090.380  -0.032  0.125  0.087  
390177.104  -2416975.740  5385216.249  2408086.862  -0.261  0.176  -0.000  
390177.204  -2416979.861  5385224.691  2408085.155  -0.090  -0.029  -0.021  
390177.304  -2416978.755  5385226.978  2408085.469  -0.152  0.360  0.062  
390177.404  -2416977.962  5385228.218  2408085.741  0.069  0.035  -0.015  
390177.504  -2416979.281  5385230.401  2408088.359  0.012  0.069  -0.002  
390177.604  -2416979.568  5385231.325  2408085.797  0.032  -0.018  -0.088  
390177.704  -2416977.526  5385222.533  2408087.328  0.060  -0.095  -0.049  
390177.804  -2416979.134  5385227.637  2408089.116  0.024  0.039  0.042  
390177.904  -2416981.108  5385226.177  2408087.183  0.052  -0.165  0.034  
390178.004  -2416980.106  5385227.650  2408087.523  0.044  -0.135  -0.023  
390178.104  -2416983.461  5385237.105  2408088.020  0.088  0.062  -0.019  
390178.204  -2416979.706  5385231.496  2408092.415  0.142  -0.185  -0.036  
390178.304  -2416978.908  5385232.016  2408091.230  0.231  -0.321  -0.092  
390178.404  -2416977.467  5385228.610  2408088.830  -0.130  0.243  0.057  
390178.504  -2416979.391  5385231.134  2408088.092  0.155  0.023  0.098  
390178.604  -2416974.079  5385225.198  2408089.397  0.052  -0.158  -0.057  
390178.704  -2416976.498  5385225.998  2408090.002  -0.158  -0.076  -0.052  
390178.804  -2416977.275  5385228.113  2408088.142  -0.121  0.315  0.025  
390178.904  -2416978.084  5385225.263  2408085.086  0.110  -0.111  0.058  
390179.004  -2416976.345  5385221.190  2408085.429  -0.067  0.052  0.092  
390179.104  -2416977.142  5385219.696  2408082.754  -0.194  0.083  0.064  
390179.204  -2416975.565  5385220.111  2408085.674  -0.096  -0.090  0.041  
390179.304  -2416983.550  5385230.091  2408086.456  -0.052  -0.004  0.009  
390179.404  -2416987.009  5385234.197  2408086.231  0.003  -0.038  -0.022  
390179.504  -2416984.455  5385227.381  2408084.616  -0.038  0.092  -0.034  
390179.604  -2416980.716  5385220.890  2408086.376  0.207  -0.303  0.091  
390179.704  -2416979.909  5385222.784  2408092.834  -0.044  -0.022  -0.004  
390179.804  -2416977.716  5385218.788  2408090.784  0.117  -0.367  -0.017  
390179.904  -2416976.754  5385219.260  2408089.860  -0.042  0.084  0.043  
390180.004  -2416978.711  5385219.954  2408089.157  -0.032  0.191  0.073  
390180.104  -2416980.807  5385221.285  2408090.780  0.126  -0.216  -0.022  
390180.204  -2416979.635  5385216.396  2408087.891  -0.008  -0.133  -0.091  
390180.304  -2416978.474  5385214.587  2408083.899  -0.010  0.200  -0.050  
390180.404  -2416981.331  5385221.902  2408082.326  0.029  -0.219  -0.097  
390180.504  -2416976.881  5385216.464  2408080.544  0.146  -0.050  -0.123  
390180.604  -2416975.753  5385217.544  2408083.281  0.149  -0.164  -0.074  
390180.704  -2416972.381  5385217.806  2408084.029  -0.039  0.124  0.007  
390180.804  -2416974.430  5385220.582  2408083.410  0.244  0.041  0.043  
390180.904  -2416973.610  5385221.227  2408084.218  0.040  0.112  0.026  
390181.004  -2416973.497  5385224.239  2408085.359  0.013  0.040  0.089  
390181.104  -2416970.660  5385221.406  2408086.967  0.177  0.042  -0.017  
390181.204  -2416971.533  5385224.136  2408087.116  0.140  0.030  -0.062  
390181.304  -2416976.520  5385224.480  2408089.355  -0.023  0.095  -0.073  
390181.404  -2416978.051  5385226.841  2408088.630  -0.202  0.459  0.014  
390181.504  -2416978.288  5385228.588  2408088.540  -0.041  -0.089  -0.040  
390181.604  -2416981.784  5385227.270  2408087.705  0.247  -0.333  -0.133  
390181.704  -2416980.167  5385218.562  2408083.900  0.027  -0.168  -0.103  
390181.804  -2416981.497  5385223.215  2408083.212  0.177  -0.139  0.016  
390181.904  -2416981.286  5385223.494  2408082.174  0.019  0.010  0.059  
390182.004  -2416976.737  5385221.955  2408084.791  -0.014  -0.127  -0.026  
390182.104  -2416979.669  5385226.924  2408085.292  0.088  -0.081  -0.062  
390182.204  -2416978.922  5385228.917  2408086.775  -0.446  0.642  0.148  
390182.304  -2416980.344  5385231.067  2408089.681  0.045  -0.024  0.045  
390182.404  -2416980.661  5385231.557  2408092.346  -0.036  -0.089  -0.084  
390182.504  -2416980.230  5385225.644  2408092.414  -0.151  0.130  -0.024  
390182.604  -2416980.936  5385228.684  2408089.928  -0.094  -0.031  -0.035  
390182.704  -2416983.475  5385227.295  2408087.386  0.102  0.134  0.028  
390182.804  -2416982.876  5385227.481  2408086.613  0.124  -0.307  -0.062  
390182.904  -2416983.572  5385230.084  2408087.098  0.070  -0.144  -0.056  
390183.004  -2416982.649  5385227.383  2408089.134  0.168  -0.442  -0.139  
390183.104  -2416984.698  5385231.177  2408090.865  0.087  -0.091  -0.055  
390183.204  -2416985.035  5385232.906  2408089.556  -0.067  0.246  0.086  
390183.304  -2416983.335  5385230.554  2408089.002  0.046  0.100  0.055  
390183.404  -2416983.419  5385230.344  2408091.815  -0.042  -0.038  0.092  
390183.504  -2416978.547  5385224.628  2408090.630  -0.008  -0.074  -0.017  
390183.604  -2416980.193  5385227.554  2408089.343  0.027  -0.004  0.075  
390183.704  -2416979.946  5385224.957  2408088.136  0.074  0.070  0.055  
390183.804  -2416981.817  5385226.857  2408091.665  0.156  -0.452  -0.034  
390183.904  -2416978.337  5385223.416  2408088.647  -0.111  0.358  0.038  
390184.004  -2416976.786  5385209.196  2408083.013  -0.141  0.027  -0.094  
390184.104  -2416975.931  5385211.927  2408082.637  0.050  -0.185  -0.116  
390184.204  -2416974.452  5385214.633  2408084.351  -0.032  -0.017  0.046  
390184.304  -2416975.272  5385217.976  2408086.716  -0.221  0.317  0.014  
390184.404  -2416978.539  5385219.358  2408086.393  0.085  -0.130  0.079  
390184.504  -2416975.598  5385220.025  2408085.255  -0.059  -0.271  -0.062  
390184.604  -2416979.193  5385226.946  2408085.145  0.066  -0.273  0.005  
390184.704  -2416977.741  5385225.065  2408085.455  -0.088  0.064  0.036  
390184.804  -2416979.049  5385224.038  2408088.254  0.467  -0.282  -0.071  
390184.904  -2416976.756  5385222.678  2408086.411  0.001  0.134  0.158  
390185.004  -2416979.581  5385229.069  2408087.762  -0.123  0.106  0.030  
390185.104  -2416978.807  5385229.859  2408089.223  -0.076  -0.021  0.009  
390185.204  -2416977.689  5385224.914  2408085.859  0.043  -0.089  -0.043  
390185.304  -2416976.856  5385222.351  2408086.220  0.007  -0.144  -0.103  
390185.404  -2416980.492  5385217.151  2408082.204  0.038  -0.040  0.192  
390185.504  -2416979.473  5385218.081  2408082.634  0.064  -0.061  0.041  
390185.604  -2416982.874  5385221.727  2408085.624  0.061  -0.035  0.002  
390185.704  -2416980.723  5385222.403  2408086.714  -0.019  0.162  0.106  
390185.804  -2416979.694  5385224.890  2408086.367  -0.013  0.156  0.081  
390185.904  -2416982.391  5385231.615  2408086.654  -0.063  0.042  -0.022  
390186.004  -2416981.928  5385230.803  2408086.994  -0.226  0.336  0.055  
390186.104  -2416977.057  5385225.033  2408090.841  -0.323  0.488  -0.007  
390186.204  -2416979.347  5385229.143  2408090.126  -0.100  0.292  0.066  
390186.304  -2416979.171  5385222.174  2408088.892  0.041  0.039  0.016  
390186.404  -2416983.198  5385230.860  2408088.721  0.294  -0.289  -0.015  
390186.504  -2416981.598  5385228.636  2408089.475  0.032  0.379  0.093  
390186.604  -2416982.957  5385232.812  2408089.143  -0.036  0.042  -0.022  
390186.704  -2416979.454  5385227.570  2408086.414  0.005  0.265  -0.079  
390186.804  -2416978.970  5385227.229  2408088.597  0.046  -0.138  -0.009  
390186.904  -2416976.474  5385222.333  2408090.526  0.045  0.069  -0.112  
390187.004  -2416975.588  5385223.369  2408090.081  -0.086  0.220  0.092  
390187.104  -2416974.127  5385220.289  2408088.530  -0.167  0.117  0.020  
390187.204  -2416977.144  5385222.523  2408089.278  0.105  -0.150  -0.133  
390187.304  -2416978.400  5385223.698  2408087.760  0.004  0.144  0.171  
390187.404  -2416982.429  5385230.470  2408087.769  0.003  0.131  0.017  
390187.504  -2416984.826  5385232.348  2408088.878  -0.060  -0.047  0.021  
390187.604  -2416985.945  5385231.357  2408091.609  0.197  -0.161  -0.073  
390187.704  -2416981.033  5385224.496  2408090.830  0.019  -0.048  -0.008  
390187.804  -2416978.762  5385224.144  2408088.463  -0.048  0.176  0.026  
390187.904  -2416977.235  5385223.154  2408087.710  -0.234  0.310  0.060  
390188.004  -2416978.067  5385225.156  2408088.542  0.070  -0.045  0.023  
390188.104  -2416976.981  5385222.015  2408086.179  0.083  -0.149  0.002  
390188.204  -2416978.306  5385222.733  2408085.854  -0.013  0.171  -0.004  
390188.304  -2416981.388  5385229.767  2408085.158  0.086  -0.273  -0.008  
390188.404  -2416978.908  5385227.066  2408085.323  0.072  -0.110  0.012  
390188.504  -2416975.566  5385224.694  2408085.516  0.022  -0.192  -0.105  
390188.604  -2416981.902  5385230.184  2408087.969  -0.048  -0.045  0.149  
390188.704  -2416982.116  5385231.068  2408087.914  -0.242  0.488  0.135  
390188.804  -2416980.147  5385228.419  2408088.306  0.206  -0.235  -0.120  
390188.904  -2416982.005  5385228.835  2408089.852  -0.107  -0.227  -0.097  
390189.004  -2416978.488  5385226.084  2408089.675  0.029  -0.011  -0.004  
390189.104  -2416983.338  5385232.460  2408090.492  -0.099  0.063  -0.050  
390189.204  -2416980.819  5385227.535  2408086.718  -0.002  0.022  -0.020  
390189.304  -2416979.942  5385227.051  2408089.799  -0.057  0.046  -0.021  
390189.404  -2416975.379  5385222.098  2408090.143  0.141  -0.229  -0.005  
390189.504  -2416978.784  5385223.874  2408087.210  0.043  -0.158  0.010  
390189.604  -2416983.138  5385226.217  2408089.016  -0.246  0.494  0.068  
390189.704  -2416984.638  5385226.230  2408087.367  0.062  -0.079  -0.058  
390189.804  -2416980.195  5385221.792  2408090.326  0.140  -0.279  0.082  
390189.904  -2416977.431  5385219.666  2408089.046  -0.174  0.256  0.155  
390190.004  -2416979.871  5385226.598  2408087.362  -0.026  0.136  0.063  
390190.104  -2416982.823  5385226.461  2408083.820  -0.074  0.038  0.035  
390190.204  -2416981.831  5385226.415  2408085.275  0.317  -0.185  -0.017  
390190.304  -2416986.048  5385230.974  2408084.658  0.118  -0.186  0.098  
390190.404  -2416984.568  5385230.190  2408084.271  -0.126  0.104  0.031  
390190.504  -2416982.612  5385226.759  2408084.503  0.083  -0.178  -0.061  
390190.604  -2416980.301  5385221.106  2408084.933  -0.203  0.282  0.150  
390190.704  -2416981.417  5385225.347  2408085.654  0.094  -0.153  -0.057  
390190.804  -2416982.544  5385225.324  2408092.167  -0.047  -0.159  0.006  
390190.904  -2416985.641  5385227.822  2408092.187  -0.020  -0.081  0.063  
390191.004  -2416985.345  5385227.993  2408093.682  0.198  -0.223  -0.056  
390191.104  -2416981.313  5385225.923  2408090.873  -0.009  -0.027  -0.113  
390191.204  -2416979.046  5385225.722  2408089.532  0.130  0.058  0.072  
