449358.004  -2411291.800  5352211.885  2379038.903  -12.898  -18.995  -15.933  
449358.104  -2419783.337  5380579.404  2405047.928  -8.812  15.210  7.820  
449358.204  -2420611.064  5383828.683  2407132.429  -3.346  6.167  3.246  
449358.304  -2420707.382  5384163.156  2407339.227  -0.699  2.502  1.235  
449358.404  -2420719.568  5384202.215  2407361.796  0.037  0.818  0.581  
449358.504  -2420719.947  5384204.615  2407363.859  -0.213  0.641  -0.002  
449358.604  -2420720.311  5384209.706  2407367.265  -0.519  0.237  0.093  
449358.704  -2420722.487  5384205.863  2407363.685  -0.528  0.014  -0.101  
449358.804  -2420720.255  5384209.268  2407366.755  0.278  0.266  0.257  
449358.904  -2420720.735  5384205.630  2407364.504  -0.317  0.330  0.035  
449359.004  -2420635.820  5384108.588  2407333.937  0.180  -0.153  -0.172  
449359.104  -2420654.019  5384136.992  2407345.092  -0.149  -0.400  0.097  
449359.204  -2420677.758  5384161.130  2407351.406  0.005  0.244  0.135  
449359.304  -2420695.487  5384185.808  2407359.249  -0.072  -0.448  -0.561  
449359.404  -2420708.300  5384205.467  2407366.176  0.297  -1.458  -0.923  
449359.504  -2420720.148  5384218.937  2407370.585  0.077  -0.604  -0.236  
449359.604  -2420727.551  5384222.465  2407370.261  0.174  0.424  0.342  
449359.704  -2420733.531  5384230.257  2407373.200  0.416  0.222  0.309  
449359.804  -2420735.012  5384234.357  2407374.771  -0.174  -0.401  -0.477  
449359.904  -2420740.359  5384229.634  2407371.837  -0.214  -0.010  -0.085  
449360.004  -2420741.973  5384228.118  2407369.574  0.068  -0.679  -0.347  
449360.104  -2420745.529  5384198.539  2407351.659  0.369  -0.231  -0.098  
449360.204  -2420745.002  5384206.078  2407355.545  0.005  -0.142  -0.072  
449360.304  -2420743.570  5384222.031  2407365.213  0.452  -0.352  0.183  
449360.404  -2420738.839  5384227.637  2407370.350  0.291  -0.766  -0.268  
449360.504  -2420685.586  5384200.456  2407371.826  0.191  0.001  0.054  
449360.604  -2420647.788  5384187.825  2407377.253  0.525  0.043  0.259  
449360.704  -2420666.143  5384201.724  2407381.259  0.306  -0.817  -0.175  
449360.804  -2420682.914  5384213.554  2407385.693  -0.161  0.577  -0.075  
449360.904  -2420692.376  5384232.089  2407396.780  -0.380  0.465  0.525  
449361.004  -2420697.589  5384250.322  2407408.332  1.066  0.611  0.951  
449361.104  -2420702.428  5384249.891  2407407.028  0.340  2.152  1.547  
449361.204  -2420736.796  5384237.490  2407379.843  0.983  1.339  1.075  
449361.304  -2420731.588  5384240.112  2407385.092  -0.052  2.033  0.863  
449361.404  -2420724.655  5384250.373  2407395.371  0.209  -0.177  -0.047  
449361.504  -2420717.821  5384260.276  2407406.144  -0.716  0.499  0.210  
449361.604  -2420713.152  5384264.999  2407414.001  0.156  0.863  0.519  
449361.704  -2420709.139  5384263.303  2407416.909  0.167  0.458  0.375  
449361.804  -2420704.741  5384265.494  2407422.014  -0.538  -0.440  -0.352  
449361.904  -2420705.689  5384256.641  2407418.298  -0.301  0.988  0.427  
449362.004  -2420701.716  5384251.220  2407417.617  0.021  0.620  0.188  
449362.104  -2420697.886  5384256.280  2407422.261  0.112  0.447  0.239  
449362.204  -2420695.023  5384257.477  2407423.274  1.139  -0.362  0.089  
449362.304  -2420694.246  5384255.006  2407420.826  0.344  0.468  0.119  
449362.404  -2420690.010  5384248.785  2407419.213  0.144  -0.251  -0.334  
449362.504  -2420688.281  5384244.084  2407415.879  -0.104  0.993  0.519  
449362.604  -2420689.124  5384233.441  2407408.393  0.858  -0.115  0.255  
449362.704  -2420694.161  5384233.250  2407406.089  0.927  0.114  0.470  
449362.804  -2420693.071  5384231.584  2407407.135  1.303  0.343  0.779  
449362.904  -2420697.967  5384230.894  2407404.251  0.393  -0.509  0.082  
449363.004  -2420699.890  5384232.662  2407404.058  -0.029  -0.494  -0.442  
449363.104  -2420704.036  5384238.620  2407405.105  0.384  0.279  0.188  
449363.204  -2420708.282  5384239.447  2407402.280  -0.182  -0.035  0.222  
449363.304  -2420711.826  5384232.323  2407394.442  0.158  0.399  0.045  
449363.404  -2420715.293  5384227.872  2407388.385  0.026  -1.080  -0.623  
449363.504  -2420720.046  5384227.564  2407385.059  -0.345  -0.663  -0.283  
449363.604  -2420644.592  5384162.995  2407368.738  -0.038  -0.311  -0.089  
449363.704  -2420660.713  5384172.430  2407369.356  0.073  -0.229  -0.051  
449363.804  -2420681.164  5384192.920  2407375.504  0.477  1.458  0.963  
449363.904  -2420699.158  5384205.872  2407377.726  0.630  0.483  0.335  
449364.004  -2420710.600  5384222.277  2407384.092  0.374  -0.413  0.078  
449364.104  -2420718.518  5384234.984  2407390.101  -0.498  0.099  -0.050  
449364.204  -2420683.663  5384209.220  2407385.569  -0.399  -0.884  -0.495  
449364.304  -2420696.826  5384220.173  2407388.505  -1.130  -0.447  -0.923  
449364.404  -2420708.740  5384236.740  2407394.375  -0.572  -0.328  -0.403  
449364.504  -2420718.297  5384241.387  2407394.199  -0.323  1.179  0.435  
449364.604  -2420720.880  5384244.131  2407395.385  -0.256  0.751  0.121  
449364.704  -2420722.417  5384245.521  2407394.691  -0.020  -0.609  -0.408  
449364.804  -2420728.112  5384247.033  2407392.004  0.691  0.828  0.651  
449364.904  -2420731.749  5384246.993  2407389.977  0.647  -0.217  0.277  
449365.004  -2420730.343  5384247.905  2407391.805  -0.552  -0.563  -0.721  
449365.104  -2420726.228  5384250.271  2407395.798  0.270  -0.422  -0.051  
449365.204  -2420715.065  5384241.842  2407398.367  -0.103  -0.646  -0.562  
449365.304  -2420711.476  5384236.850  2407396.738  0.261  0.912  0.806  
449365.404  -2420706.041  5384228.157  2407395.313  0.302  0.325  0.180  
449365.504  -2420696.605  5384218.839  2407394.731  0.523  -1.001  -0.264  
449365.604  -2420690.100  5384212.371  2407394.056  0.938  0.406  0.664  
449365.704  -2420688.167  5384211.546  2407395.265  0.734  -0.368  -0.128  
449365.804  -2420685.274  5384211.795  2407396.744  -0.059  -0.149  -0.053  
449365.904  -2420681.805  5384220.132  2407405.163  -0.352  0.687  0.120  
449366.004  -2420678.176  5384220.770  2407408.839  0.513  -0.316  0.240  
449366.104  -2420675.264  5384221.898  2407413.330  -0.206  0.312  0.108  
449366.204  -2420655.858  5384172.542  2407381.058  0.684  0.960  0.769  
449366.304  -2420615.135  5384152.572  2407385.056  0.302  -0.396  -0.052  
449366.404  -2420629.937  5384167.650  2407392.044  0.299  0.516  0.481  
449366.504  -2420609.603  5384150.259  2407390.351  0.396  -0.195  0.240  
449366.604  -2420634.174  5384170.349  2407395.102  0.022  0.072  0.244  
449366.704  -2420659.879  5384185.061  2407396.605  -0.598  -0.577  -0.516  
449366.804  -2420671.917  5384199.679  2407403.009  -0.438  -0.719  -0.921  
449366.904  -2420685.219  5384205.861  2407401.065  -0.439  -0.806  -0.614  
449367.004  -2420692.551  5384205.076  2407397.005  -0.086  -0.782  -0.556  
449367.104  -2420647.330  5384166.739  2407387.912  0.273  0.176  0.105  
449367.204  -2420653.610  5384169.454  2407387.939  0.289  -0.405  0.009  
449367.304  -2420668.064  5384174.966  2407384.982  0.041  0.485  0.392  
449367.404  -2420642.379  5384134.639  2407367.124  0.601  0.979  0.976  
449367.504  -2420663.060  5384138.272  2407359.737  0.290  -0.099  0.004  
449367.604  -2420681.132  5384143.087  2407355.895  0.641  -0.411  0.263  
449367.704  -2420695.582  5384151.334  2407357.441  0.574  2.040  1.393  
449367.804  -2420707.855  5384158.123  2407357.359  0.776  -0.362  0.482  
449367.904  -2420710.712  5384168.102  2407363.052  1.072  0.655  0.717  
449368.004  -2420716.193  5384177.526  2407366.370  0.057  0.594  0.442  
449368.104  -2420719.128  5384177.830  2407364.608  0.291  0.472  0.630  
449368.204  -2420719.511  5384178.223  2407365.101  -0.822  -0.183  -0.164  
449368.304  -2420718.192  5384176.610  2407366.419  -0.281  0.272  -0.002  
449368.404  -2420711.865  5384175.583  2407369.261  -0.167  0.201  0.084  
449368.504  -2420704.124  5384177.767  2407376.070  0.111  0.078  -0.092  
449368.604  -2420693.358  5384179.316  2407383.231  -0.726  -0.069  -0.501  
449368.704  -2420693.409  5384175.638  2407380.748  0.578  0.338  0.779  
449368.804  -2420649.238  5384143.626  2407374.265  0.828  0.345  0.822  
449368.904  -2420660.399  5384149.174  2407370.737  0.654  -0.497  0.221  
449369.004  -2420674.055  5384153.458  2407365.890  -0.374  -0.846  -0.894  
449369.104  -2420683.241  5384123.596  2407345.155  -0.582  0.359  -0.558  
449369.204  -2420683.871  5384132.520  2407348.391  0.244  0.840  0.623  
449369.304  -2420686.013  5384143.878  2407354.716  -0.299  -0.628  -0.348  
449369.404  -2420684.182  5384151.462  2407360.806  0.411  -0.271  0.154  
449369.504  -2420690.262  5384153.696  2407360.014  -0.751  -0.017  -0.420  
449369.604  -2420696.315  5384157.250  2407358.423  -0.594  -0.114  -0.510  
449369.704  -2420701.394  5384161.708  2407359.087  0.762  -0.876  -0.307  
449369.804  -2420707.192  5384160.255  2407354.615  0.358  0.211  0.612  
449369.904  -2420622.348  5384097.095  2407342.730  0.407  -0.100  0.197  
449370.004  -2420638.467  5384114.054  2407349.499  -0.009  -0.641  -0.429  
449370.104  -2420661.526  5384136.231  2407355.814  0.261  0.255  0.286  
449370.204  -2420678.846  5384150.828  2407359.058  0.259  -0.349  -0.201  
449370.304  -2420688.899  5384160.194  2407363.857  0.367  -0.129  -0.150  
449370.404  -2420652.108  5384139.590  2407361.869  -0.497  -0.412  -0.300  
449370.504  -2420668.107  5384145.866  2407360.016  -0.494  -0.797  -0.673  
449370.604  -2420682.723  5384153.183  2407357.550  -0.747  -0.991  -1.099  
449370.704  -2420698.241  5384124.092  2407336.890  -1.056  -0.149  -1.039  
449370.804  -2420704.914  5384131.246  2407337.716  0.461  -0.321  0.003  
449370.904  -2420714.005  5384138.344  2407338.261  -0.319  -0.121  -0.259  
449371.004  -2420717.456  5384145.320  2407342.725  0.140  0.139  0.458  
449371.104  -2420718.391  5384147.392  2407342.271  -0.131  -0.317  -0.069  
449371.204  -2420713.746  5384142.328  2407339.839  0.437  0.222  0.425  
449371.304  -2420708.659  5384142.753  2407341.737  -0.929  -0.243  -0.880  
449371.404  -2420703.472  5384141.963  2407342.589  0.390  0.296  0.182  
449371.504  -2420705.801  5384131.842  2407336.026  0.885  -0.078  0.626  
449371.604  -2420703.951  5384129.319  2407335.362  -0.298  -0.011  -0.000  
449371.704  -2420697.590  5384126.739  2407336.455  -1.044  -0.543  -0.867  
449371.804  -2420696.186  5384096.764  2407320.217  -0.023  -0.076  -0.155  
449371.904  -2420685.062  5384098.505  2407324.162  -0.250  -0.415  -0.542  
449372.004  -2420676.514  5384105.265  2407332.321  -0.579  -0.577  -0.603  
449372.104  -2420676.517  5384107.335  2407332.075  0.562  -0.028  0.408  
449372.204  -2420676.045  5384104.210  2407328.420  -0.195  -0.751  -0.295  
449372.304  -2420659.455  5384095.837  2407313.132  -0.308  -0.731  -0.746  
449372.404  -2420659.328  5384100.610  2407317.762  -0.022  -0.556  -0.525  
449372.504  -2420657.096  5384108.957  2407326.313  0.239  0.269  0.089  
449372.604  -2420623.431  5384085.124  2407323.052  0.436  -0.342  -0.286  
449372.704  -2420594.004  5384025.908  2407299.725  0.592  -0.154  0.125  
449372.804  -2420617.359  5384041.978  2407299.471  0.999  0.133  0.778  
449372.904  -2420634.456  5384064.958  2407307.759  0.256  -0.353  0.019  
449373.004  -2420652.094  5384078.871  2407309.422  0.255  -0.338  -0.116  
449373.104  -2420665.681  5384090.586  2407311.694  -0.443  0.065  -0.226  
449373.204  -2420680.705  5384099.679  2407310.589  -0.805  -0.298  -0.445  
449373.304  -2420651.961  5384074.594  2407301.399  -0.694  -0.801  -1.187  
449373.404  -2420669.296  5384082.196  2407298.538  0.499  0.270  0.107  
449373.504  -2420681.006  5384091.839  2407299.905  0.596  -0.621  -0.131  
449373.604  -2420643.044  5384071.946  2407299.865  0.485  -0.419  -0.064  
449373.704  -2420659.349  5384081.790  2407300.815  0.764  0.274  0.380  
449373.804  -2420672.501  5384091.549  2407301.913  0.721  0.112  0.602  
449373.904  -2420684.692  5384094.378  2407299.936  0.268  0.903  0.705  
449374.004  -2420697.471  5384094.330  2407293.983  0.807  1.442  1.219  
449374.104  -2420706.315  5384096.970  2407292.446  -0.189  -0.460  -0.437  
449374.204  -2420708.436  5384096.179  2407291.366  0.493  -0.639  -0.362  
449374.304  -2420707.188  5384095.727  2407291.149  -0.593  -0.066  -0.811  
449374.404  -2420709.007  5384093.413  2407287.696  -0.725  0.018  0.189  
449374.504  -2420710.250  5384092.035  2407285.032  0.134  0.486  0.115  
449374.604  -2420701.898  5384093.708  2407289.788  -0.380  -0.041  -0.434  
449374.704  -2420696.655  5384091.906  2407290.257  0.408  0.057  0.129  
449374.804  -2420690.961  5384053.898  2407272.636  1.022  0.490  0.683  
449374.904  -2420685.803  5384058.509  2407276.846  0.692  -0.284  0.425  
449375.004  -2420681.496  5384065.109  2407282.519  -0.002  -0.460  -0.131  
449375.104  -2420634.825  5384040.954  2407281.445  -0.012  0.039  -0.228  
449375.204  -2420642.571  5384048.193  2407281.472  0.089  -0.614  -0.664  
449375.304  -2420645.810  5384059.275  2407288.994  -0.701  -0.153  -0.362  
449375.404  -2420649.852  5384067.006  2407290.670  0.140  -0.451  -0.289  
449375.504  -2420659.197  5384042.100  2407274.219  -0.642  -0.215  -0.286  
449375.604  -2420621.318  5384017.351  2407269.924  0.203  -0.088  0.208  
449375.704  -2420635.055  5384035.603  2407278.066  -0.325  -0.231  -0.913  
449375.804  -2420648.667  5384054.224  2407285.585  -0.491  -0.002  -0.159  
449375.904  -2420658.456  5384063.066  2407285.815  0.451  0.395  0.645  
449376.004  -2420666.647  5384071.084  2407286.335  -0.119  0.070  0.123  
449376.104  -2420668.512  5384075.121  2407289.575  0.297  -0.324  -0.134  
449376.204  -2420674.591  5384080.854  2407291.388  0.077  -0.023  0.226  
449376.304  -2420678.885  5384084.955  2407293.541  -0.302  0.086  -0.164  
449376.404  -2420686.135  5384088.442  2407291.966  -0.084  -0.468  -0.234  
449376.504  -2420694.809  5384085.123  2407285.134  -0.069  -0.612  -0.308  
449376.604  -2420704.357  5384048.569  2407260.655  -0.310  0.131  -0.012  
449376.704  -2420707.524  5384050.925  2407259.617  -0.202  0.172  0.025  
449376.804  -2420711.114  5384018.314  2407240.096  0.461  0.125  0.286  
449376.904  -2420708.991  5384023.703  2407243.566  0.483  0.168  0.248  
449377.004  -2420707.603  5384031.287  2407249.934  -0.314  -0.707  -0.801  
449377.104  -2420739.352  5383963.413  2407195.784  -0.843  -1.035  -1.007  
449377.204  -2420724.860  5383980.568  2407213.393  0.143  -0.697  -0.301  
449377.304  -2420714.002  5384004.683  2407230.626  -0.167  -1.214  -0.773  
449377.404  -2420657.123  5383988.160  2407237.506  0.291  0.058  0.192  
449377.504  -2420655.285  5383999.776  2407245.129  0.402  0.017  0.290  
449377.604  -2420663.748  5384020.234  2407254.476  0.316  -0.719  -0.385  
449377.704  -2420667.537  5384030.940  2407260.250  0.260  0.123  0.036  
449377.804  -2420627.030  5384005.074  2407258.447  0.366  0.795  0.573  
449377.904  -2420638.878  5384017.277  2407262.460  -0.530  0.323  -0.194  
449378.004  -2420656.915  5384030.963  2407264.924  -1.254  0.218  -0.084  
449378.104  -2420708.291  5384029.516  2407235.380  -0.104  -0.610  -0.460  
449378.204  -2420658.299  5384011.777  2407244.150  0.234  -0.680  -0.584  
449378.304  -2420667.919  5384032.648  2407256.005  0.311  -0.202  -0.150  
449378.404  -2420679.093  5384050.363  2407264.943  0.192  0.527  0.336  
449378.504  -2420685.483  5384068.435  2407277.110  0.340  0.956  0.427  
449378.604  -2420647.679  5384043.777  2407276.138  0.072  -0.071  -0.068  
449378.704  -2420663.016  5384057.665  2407282.567  -0.225  -0.181  -0.247  
449378.804  -2420677.582  5384070.963  2407288.064  -0.363  0.063  -0.021  
449378.904  -2420688.312  5384080.371  2407292.615  -0.712  0.295  0.058  
449379.004  -2420695.965  5384084.729  2407294.054  -0.693  0.135  -0.328  
449379.104  -2420706.255  5384084.834  2407291.537  0.241  0.131  0.200  
449379.204  -2420717.463  5384052.316  2407269.465  -0.071  0.361  0.178  
449379.304  -2420716.638  5384056.244  2407272.569  0.172  -0.154  -0.423  
449379.404  -2420716.960  5384064.375  2407278.989  -0.452  -0.662  -0.279  
449379.504  -2420716.536  5384069.012  2407282.889  0.126  -0.275  -0.218  
449379.604  -2420713.516  5384069.233  2407284.389  -0.646  -0.187  -0.827  
449379.704  -2420714.381  5384069.813  2407284.557  -0.042  -0.212  -0.281  
449379.804  -2420716.027  5384068.918  2407283.064  0.294  0.139  0.369  
449379.904  -2420715.151  5384062.853  2407279.809  -0.173  0.504  0.008  
449380.004  -2420712.722  5384062.580  2407279.797  -0.266  0.084  0.026  
449380.104  -2420707.766  5384065.820  2407284.201  0.466  0.299  0.412  
449380.204  -2420661.127  5384032.628  2407280.400  -0.320  -0.363  -0.532  
449380.304  -2420667.598  5384038.119  2407282.174  0.560  -0.184  0.156  
449380.404  -2420678.810  5384043.882  2407281.125  1.176  0.846  0.995  
449380.504  -2420683.835  5384049.886  2407283.097  0.874  0.202  0.678  
449380.604  -2420686.544  5384056.814  2407286.052  1.033  0.467  0.471  
449380.704  -2420688.826  5384062.896  2407288.506  0.095  -0.142  -0.282  
449380.804  -2420696.174  5384064.320  2407285.806  -0.761  -0.817  -0.756  
449380.904  -2420706.280  5384061.245  2407279.046  -0.867  -0.230  -0.758  
449381.004  -2420711.051  5384063.712  2407278.200  -0.412  -0.010  -0.329  
449381.104  -2420713.840  5384061.578  2407275.910  0.287  -0.257  -0.024  
449381.204  -2420719.052  5384059.899  2407273.735  -0.089  -0.716  -0.364  
449381.304  -2420721.031  5384055.019  2407270.412  -0.154  0.061  -0.323  
449381.404  -2420719.127  5384053.673  2407271.310  -0.068  -0.096  -0.197  
449381.504  -2420715.713  5384053.294  2407272.480  -0.076  0.286  0.296  
449381.604  -2420717.197  5384053.835  2407271.512  -0.210  -0.361  -0.185  
449381.704  -2420717.825  5384049.501  2407269.271  0.408  0.115  0.481  
449381.804  -2420715.557  5384052.943  2407272.327  -0.094  -0.599  -0.399  
449381.904  -2420717.002  5384054.615  2407273.861  0.122  -0.223  0.164  
449382.004  -2420718.519  5384054.183  2407273.694  -0.101  -0.116  -0.300  
449382.104  -2420673.249  5384017.183  2407265.206  0.031  0.134  -0.019  
449382.204  -2420682.085  5384023.326  2407267.012  0.466  0.846  0.564  
449382.304  -2420693.537  5384028.650  2407265.546  0.305  0.443  0.190  
449382.404  -2420707.614  5384032.423  2407262.846  0.535  0.705  0.731  
449382.504  -2420714.926  5384039.885  2407263.105  0.538  0.376  0.626  
449382.604  -2420721.330  5384045.220  2407262.911  0.217  0.528  0.580  
449382.704  -2420725.713  5384046.894  2407263.729  0.377  -0.276  -0.053  
449382.804  -2420728.093  5384049.948  2407265.465  0.236  -0.379  -0.264  
449382.904  -2420733.323  5384053.724  2407265.983  -0.168  -0.208  0.021  
449383.004  -2420735.982  5384053.176  2407265.696  -0.606  -0.492  -0.412  
449383.104  -2420729.776  5384057.315  2407272.271  -0.117  0.275  -0.021  
449383.204  -2420731.188  5384054.581  2407270.336  -0.375  0.222  0.085  
449383.304  -2420732.904  5384055.930  2407270.799  0.036  0.161  0.241  
449383.404  -2420739.382  5384051.619  2407265.243  0.070  0.409  0.217  
449383.504  -2420693.309  5384015.465  2407257.435  -0.300  -0.135  -0.112  
449383.604  -2420699.452  5384025.535  2407263.963  -0.680  -0.160  -0.316  
449383.704  -2420707.381  5384040.002  2407271.489  -0.296  -0.642  -0.484  
449383.804  -2420716.859  5384047.826  2407274.736  0.204  -0.895  -0.534  
449383.904  -2420728.704  5384052.035  2407272.910  -0.268  -0.757  -0.338  
449384.004  -2420708.409  5384062.401  2407292.832  0.613  0.325  0.649  
449384.104  -2420722.849  5384021.829  2407262.359  0.016  0.361  0.330  
449384.204  -2420733.541  5384022.760  2407255.795  -0.351  0.352  0.155  
449384.304  -2420691.249  5383994.114  2407247.979  0.155  0.959  0.741  
449384.404  -2420703.707  5384003.731  2407247.674  0.241  0.204  0.160  
449384.504  -2420717.388  5384016.678  2407249.704  -0.057  0.302  0.263  
449384.604  -2420729.188  5384026.558  2407249.707  0.530  0.487  0.523  
449384.704  -2420736.570  5384026.344  2407245.104  -0.021  0.229  -0.081  
449384.804  -2420697.210  5384004.355  2407241.498  -0.027  0.491  0.287  
449384.904  -2420708.210  5384001.289  2407237.548  -0.070  0.610  0.287  
449385.004  -2420717.816  5384012.496  2407242.309  -0.280  -0.331  -0.493  
449385.104  -2420729.465  5384022.667  2407245.683  -0.589  -0.893  -1.073  
449385.204  -2420737.128  5384030.959  2407248.561  -0.154  -0.162  -0.112  
449385.304  -2420701.599  5384006.301  2407244.283  0.247  0.657  0.546  
449385.404  -2420712.998  5384016.309  2407247.415  0.167  -0.253  0.014  
449385.504  -2420730.086  5383995.352  2407229.541  0.704  0.080  0.236  
449385.604  -2420695.435  5383978.508  2407229.027  0.434  0.555  0.378  
449385.704  -2420707.170  5384003.359  2407239.717  -0.403  -0.790  -0.732  
449385.804  -2420720.470  5384023.102  2407246.753  -0.324  0.169  -0.221  
449385.904  -2420734.078  5384040.813  2407252.720  -0.176  -0.350  -0.357  
449386.004  -2420739.411  5384050.937  2407258.144  0.403  -0.182  0.160  
449386.104  -2420741.790  5384064.269  2407267.544  -0.317  -0.522  -0.599  
449386.204  -2420742.349  5384073.490  2407273.958  0.484  0.193  0.531  
449386.304  -2420743.218  5384076.972  2407274.879  -0.520  -0.179  -0.282  
449386.404  -2420750.727  5384077.229  2407271.024  0.172  0.371  0.334  
449386.504  -2420751.613  5384077.504  2407271.106  0.617  -0.595  0.204  
449386.604  -2420749.430  5384077.922  2407273.116  0.579  0.336  0.416  
449386.704  -2420744.763  5384072.843  2407273.586  -0.256  -0.458  -0.351  
449386.804  -2420740.735  5384065.976  2407270.990  1.021  1.081  1.224  
449386.904  -2420739.865  5384067.371  2407271.772  0.453  0.848  0.956  
449387.004  -2420739.527  5384065.484  2407269.432  0.193  -0.305  0.082  
449387.104  -2420737.241  5384061.235  2407267.378  0.242  -0.106  0.004  
449387.204  -2420736.958  5384056.567  2407264.385  -0.275  -0.009  0.067  
449387.304  -2420735.956  5384020.061  2407245.854  -0.411  -0.644  -0.402  
449387.404  -2420685.348  5383992.534  2407244.638  0.018  0.178  -0.118  
449387.504  -2420691.819  5384006.995  2407249.292  0.132  -0.181  0.009  
449387.604  -2420703.622  5384021.192  2407252.064  -0.263  -0.506  -0.518  
449387.704  -2420716.721  5384035.342  2407254.732  0.158  0.084  0.267  
449387.804  -2420715.047  5384049.633  2407267.258  -0.156  0.400  -0.067  
449387.904  -2420719.596  5384058.951  2407272.514  -0.310  -0.405  -0.409  
449388.004  -2420723.014  5384060.470  2407272.749  -0.509  -0.178  -0.612  
449388.104  -2420673.842  5384039.263  2407278.731  -0.870  -0.382  -0.954  
449388.204  -2420640.622  5384020.307  2407277.265  0.457  -0.313  -0.315  
449388.304  -2420662.869  5384038.497  2407280.815  0.039  -0.230  -0.250  
449388.404  -2420679.190  5384055.451  2407285.443  0.314  -0.221  0.185  
449388.504  -2420691.935  5384067.097  2407288.895  -0.029  -0.427  0.033  
449388.604  -2420707.127  5384074.058  2407285.783  -0.366  -0.772  -0.836  
449388.704  -2420714.846  5384082.334  2407286.114  0.338  0.600  0.699  
449388.804  -2420709.024  5384078.149  2407270.772  0.877  0.561  0.712  
449388.904  -2420711.121  5384087.743  2407278.008  0.258  0.056  0.301  
449389.004  -2420718.044  5384089.353  2407279.029  0.030  0.271  0.488  
449389.104  -2420721.488  5384083.483  2407276.416  -0.398  0.132  0.044  
449389.204  -2420719.697  5384081.467  2407277.315  -0.120  -0.057  -0.237  
449389.304  -2420717.315  5384078.971  2407277.682  -0.210  -0.605  -0.308  
449389.404  -2420724.438  5384072.092  2407271.213  0.179  0.190  0.093  
449389.504  -2420721.980  5384073.167  2407272.397  -0.537  -0.221  -0.529  
449389.604  -2420717.397  5384065.021  2407269.703  -0.402  -0.362  -0.519  
449389.704  -2420704.641  5384052.104  2407251.198  -0.922  -0.380  -0.645  
449389.804  -2420714.889  5384046.619  2407246.766  0.048  0.121  0.261  
449389.904  -2420721.846  5384012.333  2407228.365  0.370  0.010  0.347  
449390.004  -2420715.427  5384022.078  2407238.300  -0.037  0.047  -0.183  
449390.104  -2420704.803  5384031.437  2407251.886  -1.121  -0.264  -0.807  
449390.204  -2420700.061  5384039.118  2407260.194  -0.520  -0.643  -0.758  
449390.304  -2420699.872  5384046.395  2407264.780  0.667  -0.120  0.537  
449390.404  -2420700.432  5384057.636  2407270.732  0.844  -0.044  0.637  
449390.504  -2420702.901  5384059.670  2407270.569  0.589  0.339  0.621  
449390.604  -2420708.691  5384057.909  2407263.688  1.072  0.536  0.728  
449390.704  -2420706.211  5384062.957  2407268.097  -0.024  0.780  0.497  
449390.804  -2420742.759  5384052.054  2407240.344  1.056  0.738  1.207  
449390.904  -2420739.851  5384051.509  2407242.094  1.318  1.209  1.833  
449391.004  -2420731.881  5384051.978  2407245.572  0.760  1.124  1.012  
449391.104  -2420713.381  5384055.450  2407257.789  0.051  0.523  0.151  
449391.204  -2420699.165  5384060.745  2407269.659  -0.065  0.039  0.115  
449391.304  -2420688.645  5384063.929  2407276.311  0.814  0.864  0.930  
449391.404  -2420683.750  5384065.436  2407280.789  0.965  0.631  1.064  
449391.504  -2420672.596  5384068.048  2407288.666  -0.044  -0.525  -0.218  
449391.604  -2420666.684  5384068.105  2407291.722  -0.094  -1.153  -0.605  
449391.704  -2420662.141  5384067.067  2407293.884  0.048  0.088  -0.083  
449391.804  -2420662.328  5384067.622  2407293.073  0.524  -0.604  -0.177  
449391.904  -2420665.244  5384066.632  2407290.535  -0.064  0.439  0.161  
449392.004  -2420665.970  5384066.049  2407290.403  0.517  1.016  0.850  
449392.104  -2420658.620  5384066.097  2407295.548  1.172  -0.528  0.438  
449392.204  -2420653.404  5384067.197  2407299.576  -0.003  -0.303  -0.227  
449392.304  -2420651.241  5384068.790  2407303.170  -0.049  -0.156  -0.252  
449392.404  -2420606.329  5384029.484  2407293.188  0.288  -0.333  0.236  
449392.504  -2420578.681  5384003.154  2407285.441  2.075  1.085  1.722  
449392.604  -2420604.965  5384015.643  2407283.494  1.099  0.114  1.027  
449392.704  -2420627.625  5384026.931  2407284.496  -0.151  -0.199  -0.290  
449392.804  -2420648.279  5384038.060  2407285.245  0.608  -0.781  -0.164  
449392.904  -2420665.544  5384040.069  2407280.250  0.231  -0.982  -0.238  
449393.004  -2420670.937  5384044.252  2407283.141  -0.497  -1.142  -0.817  
449393.104  -2420678.457  5384047.658  2407283.114  -0.135  -0.336  -0.620  
449393.204  -2420687.104  5384053.558  2407282.540  0.576  0.711  0.691  
449393.304  -2420693.444  5384053.201  2407280.593  0.588  0.830  0.967  
449393.404  -2420698.834  5384049.772  2407274.312  -0.376  -0.413  -0.072  
449393.504  -2420698.743  5384053.361  2407277.418  -1.047  0.114  -0.051  
449393.604  -2420701.385  5384051.316  2407275.128  -0.615  -0.655  -0.150  
449393.704  -2420706.452  5384055.652  2407275.115  -0.662  -0.062  -0.459  
449393.804  -2420709.652  5384052.611  2407272.741  0.019  0.094  0.099  
449393.904  -2420703.759  5384049.615  2407274.571  0.611  0.535  0.706  
449394.004  -2420695.285  5384049.057  2407280.051  0.553  -0.524  -0.001  
449394.104  -2420640.666  5384014.399  2407278.558  -0.627  -0.070  -0.501  
449394.204  -2420643.754  5384017.407  2407281.442  0.686  0.005  0.321  
449394.304  -2420656.806  5384019.967  2407280.192  0.578  -0.060  0.399  
449394.404  -2420664.310  5384027.168  2407283.208  -0.244  0.247  -0.057  
449394.504  -2420675.114  5384032.418  2407283.132  -0.206  -0.231  -0.277  
449394.604  -2420685.144  5384031.929  2407279.885  -0.279  -0.069  -0.216  
449394.704  -2420693.686  5384038.615  2407280.565  -0.209  -0.464  -0.514  
449394.804  -2420702.789  5384045.215  2407281.502  0.059  -0.666  -0.434  
449394.904  -2420713.542  5384047.149  2407278.358  0.581  -0.247  0.026  
449395.004  -2420719.943  5384047.171  2407276.321  0.354  -0.506  0.072  
449395.104  -2420725.667  5384049.596  2407275.725  -0.120  -0.161  -0.294  
449395.204  -2420729.107  5384052.884  2407276.044  -0.505  -0.594  -0.594  
449395.304  -2420727.946  5384053.910  2407278.346  0.466  0.046  0.230  
449395.404  -2420726.116  5384057.560  2407281.240  -0.112  0.335  -0.032  
449395.504  -2420726.957  5384056.979  2407280.350  0.010  -0.826  -0.483  
449395.604  -2420724.777  5384062.375  2407284.039  -0.193  0.759  0.119  
449395.704  -2420720.621  5384069.825  2407291.667  0.262  -0.155  0.152  
449395.804  -2420719.048  5384071.985  2407293.794  -0.470  -0.279  -0.526  
449395.904  -2420712.443  5384074.753  2407299.872  -0.096  -0.719  -0.495  
449396.004  -2420707.769  5384078.300  2407304.194  -0.541  -0.850  -0.686  
449396.104  -2420664.314  5384042.990  2407296.052  0.312  -0.088  0.103  
449396.204  -2420668.784  5384045.052  2407297.669  0.122  -0.206  -0.021  
449396.304  -2420677.711  5384050.669  2407300.714  -0.096  -0.081  -0.270  
449396.404  -2420682.184  5384054.430  2407302.552  -0.116  -0.324  -0.232  
449396.504  -2420690.564  5384059.314  2407303.196  -0.006  -0.631  -0.448  
449396.604  -2420693.549  5384061.548  2407303.892  0.092  0.079  0.040  
449396.704  -2420696.442  5384068.672  2407308.656  -0.270  0.729  0.042  
449396.804  -2420700.485  5384072.705  2407309.318  -0.493  0.116  -0.172  
449396.904  -2420619.365  5384016.112  2407300.247  -0.447  -0.189  -0.409  
449397.004  -2420641.021  5384033.563  2407303.263  0.613  0.112  0.557  
449397.104  -2420663.901  5384051.718  2407307.136  -0.517  -0.014  -0.171  
449397.204  -2420684.114  5384066.808  2407309.321  0.047  0.383  0.381  
449397.304  -2420697.988  5384083.858  2407315.242  0.437  1.193  0.905  
449397.404  -2420709.589  5384093.801  2407317.000  -0.759  -0.194  -0.695  
449397.504  -2420715.193  5384093.516  2407316.204  -0.109  0.364  0.002  
449397.604  -2420717.770  5384091.927  2407314.753  -0.924  -0.293  -0.573  
449397.704  -2420717.443  5384092.346  2407315.341  -0.300  0.953  0.157  
449397.804  -2420678.503  5384058.352  2407304.660  0.281  0.932  0.514  
449397.904  -2420683.780  5384064.506  2407306.610  0.180  1.426  0.867  
449398.004  -2420693.920  5384073.155  2407308.126  0.311  1.020  0.735  
449398.104  -2420704.205  5384083.902  2407310.139  0.031  -0.832  -0.394  
449398.204  -2420710.560  5384089.461  2407311.687  0.200  -0.213  0.078  
449398.304  -2420713.113  5384087.836  2407310.108  0.041  -0.923  -0.426  
449398.404  -2420713.957  5384087.450  2407310.384  -0.552  -0.981  -0.786  
449398.504  -2420713.249  5384089.676  2407311.958  0.013  -0.692  -0.881  
449398.604  -2420712.035  5384092.379  2407312.552  -0.248  -0.210  -0.334  
449398.704  -2420714.840  5384091.635  2407309.877  -0.329  -0.693  -0.887  
449398.804  -2420712.166  5384090.393  2407309.307  -0.113  -0.680  -0.277  
449398.904  -2420710.940  5384084.707  2407305.999  -0.059  -0.502  -0.674  
449399.004  -2420712.817  5384078.568  2407301.134  -0.189  -0.705  -0.428  
449399.104  -2420710.781  5384073.806  2407297.470  -0.010  -0.560  -0.407  
449399.204  -2420708.978  5384070.650  2407295.006  -0.038  -0.770  -0.454  
449399.304  -2420710.588  5384070.064  2407291.045  0.098  -0.752  -0.299  
449399.404  -2420708.678  5384067.092  2407288.239  0.332  -0.316  -0.089  
449399.504  -2420707.744  5384059.931  2407283.598  0.338  -0.084  0.116  
449399.604  -2420707.309  5384055.269  2407279.320  -0.193  -0.549  -0.545  
449399.704  -2420706.272  5384053.110  2407277.306  0.398  0.570  0.460  
449399.804  -2420705.361  5384052.094  2407275.985  0.059  -0.138  0.148  
449399.904  -2420703.278  5384054.604  2407276.821  0.281  0.542  0.326  
449400.004  -2420701.321  5384055.819  2407277.103  -0.058  0.690  0.279  
449400.104  -2420696.591  5384056.231  2407277.589  0.098  -0.412  -0.151  
449400.204  -2420707.352  5384062.095  2407288.463  -0.451  -0.678  -0.590  
449400.304  -2420703.589  5384058.458  2407282.818  -0.322  -0.665  -0.472  
449400.404  -2420703.471  5384016.092  2407254.516  -0.320  -0.737  -0.777  
449400.504  -2420697.314  5384018.126  2407253.441  -0.266  0.085  -0.246  
449400.604  -2420689.416  5384025.795  2407256.884  -0.526  0.038  -0.274  
449400.704  -2420689.158  5383991.733  2407235.405  -0.385  -0.860  -0.758  
449400.804  -2420684.289  5383998.903  2407238.428  -0.288  -0.479  -0.780  
449400.904  -2420678.985  5384009.296  2407245.002  -0.437  -0.268  -0.397  
449401.004  -2420678.194  5384019.111  2407247.869  -0.619  -0.571  -0.405  
449401.104  -2420676.935  5384030.128  2407253.133  -0.131  0.122  -0.233  
449401.204  -2420674.986  5384038.419  2407257.697  -0.255  0.335  -0.062  
449401.304  -2420676.622  5384038.024  2407255.467  -0.309  0.325  0.312  
449401.404  -2420673.672  5384041.765  2407259.275  -0.290  -0.617  -0.456  
449401.504  -2420631.415  5384011.866  2407253.170  -0.185  -0.364  -0.252  
449401.604  -2420638.511  5384017.200  2407254.441  -0.242  -0.439  -0.144  
449401.704  -2420647.628  5384026.044  2407257.746  -0.152  -0.380  -0.333  
449401.804  -2420694.244  5384020.274  2407228.655  -0.016  0.070  0.053  
449401.904  -2420694.413  5384025.545  2407233.115  -0.167  -0.606  -0.293  
449402.004  -2420692.095  5384030.715  2407239.712  -0.398  0.569  0.288  
449402.104  -2420691.384  5384040.489  2407247.190  -0.012  -0.528  -0.058  
449402.204  -2420692.480  5384039.477  2407248.260  -0.193  -0.035  -0.012  
449402.304  -2420694.440  5384045.925  2407253.620  -0.222  -0.130  -0.160  
449402.404  -2420696.161  5384045.870  2407254.860  -0.200  0.526  0.205  
449402.504  -2420694.744  5384043.883  2407254.792  0.016  -0.515  -0.197  
449402.604  -2420693.111  5384045.120  2407256.486  -0.004  0.176  0.155  
449402.704  -2420690.993  5384048.601  2407259.103  0.315  0.362  0.515  
449402.804  -2420658.487  5384025.727  2407268.117  0.011  -0.134  0.217  
449402.904  -2420661.765  5384027.139  2407265.687  0.259  -0.174  0.127  
449403.004  -2420666.123  5384025.202  2407261.519  0.733  0.116  0.298  
449403.104  -2420670.548  5384026.377  2407258.400  0.320  0.099  0.253  
449403.204  -2420675.615  5384026.605  2407255.766  0.348  -0.284  -0.175  
449403.304  -2420678.254  5384023.163  2407253.319  0.458  0.124  0.266  
449403.404  -2420678.987  5384025.615  2407255.881  -0.236  -0.493  -0.377  
449403.504  -2420682.267  5384021.626  2407251.964  -0.592  -1.549  -0.978  
449403.604  -2420683.596  5384022.212  2407252.747  -0.326  -0.277  -0.358  
449403.704  -2420685.648  5384018.877  2407250.113  -0.768  -0.140  -0.737  
449403.804  -2420639.164  5383976.434  2407239.564  -0.478  0.547  -0.323  
449403.904  -2420647.283  5383982.878  2407241.768  -0.193  0.304  0.032  
449404.004  -2420660.496  5383985.950  2407239.799  -0.073  -0.169  -0.129  
449404.104  -2420669.944  5383991.008  2407241.202  0.064  -0.501  -0.521  
449404.204  -2420641.406  5383966.604  2407234.859  -0.317  -0.879  -0.553  
449404.304  -2420656.732  5383970.772  2407234.435  0.393  -0.266  -0.155  
449404.404  -2420673.345  5383983.759  2407237.608  -0.243  0.253  -0.018  
449404.504  -2420683.663  5383992.178  2407240.600  0.003  -0.567  -0.167  
449404.604  -2420694.489  5383995.577  2407240.025  -0.023  -0.799  -0.564  
449404.704  -2420706.181  5383998.038  2407238.301  0.409  -0.054  0.136  
449404.804  -2420712.791  5383999.578  2407237.735  -0.152  0.039  -0.105  
449404.904  -2420719.929  5383991.397  2407232.151  -0.032  1.384  0.443  
449405.004  -2420725.125  5383990.635  2407229.999  -0.486  -1.474  -0.909  
449405.104  -2420726.639  5383989.359  2407230.385  0.028  -0.748  -0.409  
449405.204  -2420726.791  5383993.895  2407234.198  0.193  -0.234  -0.037  
449405.304  -2420725.207  5383999.811  2407238.374  0.032  -0.393  -0.068  
449405.404  -2420723.189  5384006.284  2407243.487  -0.095  0.049  -0.088  
449405.504  -2420685.855  5383975.781  2407237.031  0.111  -0.336  -0.027  
449405.604  -2420692.921  5383983.608  2407239.567  0.051  0.008  -0.191  
449405.704  -2420659.517  5383959.572  2407233.204  0.314  0.817  0.283  
449405.804  -2420674.844  5383976.430  2407238.369  0.120  1.690  0.890  
449405.904  -2420692.705  5383987.574  2407239.875  0.183  0.145  0.264  
449406.004  -2420707.260  5384002.010  2407245.283  -0.042  0.720  0.540  
449406.104  -2420714.773  5384016.408  2407253.987  -0.351  -0.526  -0.267  
449406.204  -2420720.613  5384021.646  2407257.099  -0.108  -0.903  -0.543  
449406.304  -2420723.280  5384021.216  2407257.614  0.096  -0.043  -0.143  
449406.404  -2420723.710  5384026.129  2407262.116  -0.073  -0.416  -0.222  
449406.504  -2420723.175  5384027.919  2407263.939  -0.366  -0.042  -0.173  
449406.604  -2420722.831  5384022.744  2407261.185  0.246  0.264  0.327  
449406.704  -2420717.939  5384034.697  2407269.104  0.071  0.000  -0.046  
449406.804  -2420720.815  5384029.377  2407263.480  -0.340  -0.575  -0.745  
449406.904  -2420725.157  5383987.871  2407238.472  -0.230  -1.045  -0.848  
449407.004  -2420724.654  5383985.486  2407235.733  -0.368  -0.975  -0.839  
449407.104  -2420726.374  5383983.871  2407232.542  -0.066  0.301  0.173  
449407.204  -2420723.732  5383984.276  2407233.368  -0.159  0.288  -0.115  
449407.304  -2420720.384  5383985.011  2407236.064  -0.124  -0.027  -0.156  
449407.404  -2420714.749  5383991.274  2407241.770  -0.831  -1.014  -0.974  
449407.504  -2420708.539  5383999.064  2407248.770  0.061  0.183  0.099  
449407.604  -2420706.578  5383996.703  2407248.022  0.159  -0.214  0.048  
449407.704  -2420702.487  5383992.705  2407248.108  0.280  -0.251  0.069  
449407.804  -2420700.637  5383990.864  2407248.139  -0.021  0.073  -0.198  
449407.904  -2420702.372  5383983.813  2407243.288  0.144  0.546  0.358  
449408.004  -2420703.685  5383980.402  2407240.106  -0.290  -0.704  -0.496  
449408.104  -2420700.728  5384010.086  2407256.667  0.484  0.647  0.457  
449408.204  -2420654.580  5383964.607  2407243.469  -0.157  0.102  0.084  
449408.304  -2420661.633  5383955.722  2407237.094  0.299  0.363  0.430  
449408.404  -2420673.085  5383961.038  2407236.094  0.049  -0.253  -0.168  
449408.504  -2420683.138  5383966.028  2407234.903  0.188  0.152  0.133  
449408.604  -2420692.100  5383971.905  2407234.786  0.436  -0.283  0.193  
449408.704  -2420697.503  5383979.384  2407236.151  -0.320  0.081  -0.241  
449408.804  -2420701.904  5383984.322  2407237.176  -0.451  -1.133  -1.025  
449408.904  -2420709.409  5383951.245  2407216.933  -0.266  -0.768  -0.544  
449409.004  -2420708.304  5383959.104  2407221.162  -0.118  -0.309  0.012  
449409.104  -2420707.058  5383975.152  2407231.167  0.205  0.493  0.186  
449409.204  -2420707.498  5383978.746  2407232.932  -0.259  1.500  0.608  
449409.304  -2420666.827  5383958.764  2407232.984  0.221  1.645  1.023  
449409.404  -2420674.867  5383956.419  2407228.954  -0.444  -1.218  -0.824  
449409.504  -2420684.815  5383967.676  2407231.655  0.424  1.354  0.954  
449409.604  -2420654.142  5383912.987  2407209.191  -0.020  -0.021  0.047  
449409.704  -2420666.070  5383932.563  2407215.280  -0.685  -0.152  -0.396  
449409.804  -2420680.409  5383952.754  2407222.184  -0.367  -0.209  -0.070  
449409.904  -2420688.799  5383973.555  2407231.480  -0.008  -0.426  -0.386  
449410.004  -2420692.598  5383980.347  2407234.932  0.262  0.002  0.348  
449410.104  -2420695.309  5383988.601  2407239.392  -0.158  -0.303  -0.154  
449410.204  -2420697.617  5383998.266  2407244.141  -0.121  0.525  0.338  
449410.304  -2420698.651  5384000.597  2407246.124  -0.034  0.504  0.257  
449410.404  -2420697.718  5384001.369  2407246.262  -0.861  -0.130  -0.493  
449410.504  -2420697.178  5383990.609  2407240.690  -0.501  -0.119  -0.525  
449410.604  -2420695.803  5383982.363  2407236.506  -0.836  -1.431  -1.201  
449410.704  -2420694.112  5383980.670  2407234.594  -0.082  -0.741  -0.446  
449410.804  -2420691.338  5383979.150  2407234.808  0.041  0.161  0.024  
449410.904  -2420687.864  5383979.638  2407235.894  0.181  -0.359  -0.362  
449411.004  -2420685.744  5383980.244  2407235.864  0.743  -0.527  0.035  
449411.104  -2420684.459  5383983.654  2407236.262  0.398  -0.669  -0.367  
449411.204  -2420637.393  5383948.963  2407229.021  -0.018  -0.288  -0.386  
449411.304  -2420644.002  5383944.692  2407223.972  0.475  0.624  0.727  
449411.404  -2420654.121  5383949.590  2407221.911  0.836  1.320  1.078  
449411.504  -2420659.992  5383953.465  2407223.311  0.249  -1.022  -0.185  
449411.604  -2420668.146  5383955.842  2407222.488  0.080  0.062  0.088  
449411.704  -2420670.964  5383957.256  2407224.840  0.426  0.828  0.563  
449411.804  -2420671.811  5383965.314  2407231.144  0.885  -0.327  0.479  
449411.904  -2420671.400  5383971.560  2407236.177  -0.852  -0.374  -0.686  
449412.004  -2420673.930  5383973.311  2407235.950  -0.961  -0.415  -0.650  
449412.104  -2420634.503  5383899.097  2407205.771  0.394  0.104  0.287  
449412.204  -2420646.317  5383914.696  2407210.131  0.581  0.198  0.390  
449412.304  -2420660.061  5383927.830  2407214.346  -0.291  -0.505  -0.568  
449412.404  -2420671.407  5383939.174  2407217.705  0.352  -0.666  -0.226  
449412.504  -2420681.122  5383946.355  2407219.142  0.422  0.422  0.363  
449412.604  -2420687.818  5383944.597  2407216.522  0.355  0.267  0.205  
449412.704  -2420689.868  5383952.408  2407221.764  0.125  -0.854  -0.517  
449412.804  -2420690.421  5383966.153  2407229.692  0.074  -0.245  -0.255  
449412.904  -2420690.590  5383974.507  2407235.251  0.186  0.648  0.298  
449413.004  -2420692.245  5383973.865  2407233.548  -0.250  0.408  -0.087  
449413.104  -2420692.069  5383969.304  2407229.844  0.048  0.300  0.207  
449413.204  -2420698.703  5383924.962  2407201.881  -0.483  -0.280  -0.308  
449413.304  -2420697.423  5383939.086  2407208.888  -0.410  -1.627  -0.941  
449413.404  -2420697.575  5383952.736  2407216.891  -0.072  -1.435  -0.860  
449413.504  -2420696.851  5383957.149  2407219.995  0.147  -0.540  -0.497  
449413.604  -2420700.007  5383930.371  2407204.086  -0.042  0.926  0.410  
449413.704  -2420702.443  5383905.137  2407187.817  -0.354  -1.090  -0.730  
449413.804  -2420698.959  5383911.346  2407192.215  0.160  -0.073  -0.115  
449413.904  -2420697.049  5383925.017  2407200.850  0.252  -0.073  0.004  
449414.004  -2420694.382  5383943.875  2407212.731  0.265  0.467  0.429  
449414.104  -2420694.721  5383954.499  2407219.018  0.071  0.191  0.344  
449414.204  -2420690.632  5383971.965  2407231.405  0.013  1.012  0.574  
449414.304  -2420694.273  5383943.605  2407215.342  -0.457  -0.114  -0.439  
449414.404  -2420690.815  5383961.423  2407226.984  -0.159  0.343  0.240  
449414.504  -2420695.046  5383942.860  2407215.539  0.163  -0.992  -0.498  
449414.604  -2420693.275  5383953.198  2407222.305  -0.320  -0.494  -0.375  
449414.704  -2420692.917  5383971.166  2407233.632  0.154  -0.005  -0.176  
449414.804  -2420690.565  5383991.777  2407245.258  -0.244  -0.373  -0.442  
449414.904  -2420686.062  5384008.510  2407256.069  0.168  0.297  0.315  
449415.004  -2420643.461  5383936.626  2407227.284  0.191  0.008  0.003  
449415.104  -2420650.862  5383939.862  2407226.720  0.273  -0.101  -0.066  
449415.204  -2420658.125  5383950.686  2407230.899  0.715  0.467  0.635  
449415.304  -2420667.581  5383965.935  2407236.649  -0.408  -0.456  -0.376  
449415.404  -2420683.094  5383944.369  2407220.472  -0.528  -0.246  -0.510  
449415.504  -2420691.485  5383930.371  2407210.337  -0.111  -0.018  -0.126  
449415.604  -2420696.545  5383944.300  2407216.396  -0.155  -1.256  -0.673  
449415.704  -2420698.693  5383970.000  2407231.572  0.082  -0.193  -0.107  
449415.804  -2420699.174  5383987.081  2407241.517  0.223  0.750  0.580  
449415.904  -2420702.311  5383996.037  2407245.569  -0.006  1.467  0.727  
449416.004  -2420704.620  5384003.116  2407248.911  0.045  0.878  0.468  
449416.104  -2420711.182  5383975.626  2407231.983  0.079  0.003  -0.013  
449416.204  -2420710.308  5383993.487  2407241.374  0.200  -0.654  -0.059  
449416.304  -2420708.388  5384004.838  2407248.478  0.039  -0.033  -0.128  
449416.404  -2420708.554  5384010.991  2407252.806  -0.435  -0.563  -0.328  
449416.504  -2420710.668  5384010.509  2407251.869  0.211  -0.572  -0.257  
449416.604  -2420712.855  5384011.680  2407251.464  0.412  0.332  0.199  
449416.704  -2420713.189  5384007.930  2407249.718  -0.085  0.256  0.074  
449416.804  -2420673.482  5383990.032  2407251.145  -0.008  0.968  0.453  
449416.904  -2420677.220  5384009.254  2407261.390  0.253  0.724  0.460  
449417.004  -2420638.764  5383990.645  2407261.543  0.376  -0.189  0.024  
449417.104  -2420649.600  5384019.671  2407276.503  -0.048  -0.758  -0.486  
449417.204  -2420668.113  5384034.403  2407280.060  0.442  0.695  0.727  
449417.304  -2420685.173  5384043.045  2407280.281  0.454  0.720  0.514  
449417.404  -2420699.290  5384040.638  2407274.993  0.202  -0.178  0.058  
449417.504  -2420709.586  5384033.962  2407268.598  -0.356  -2.058  -1.151  
449417.604  -2420716.498  5384037.668  2407268.439  -0.328  -0.780  -0.661  
449417.704  -2420716.240  5384048.202  2407275.220  -0.494  -0.454  -0.485  
449417.804  -2420717.020  5384047.220  2407274.027  0.101  -1.156  -0.363  
449417.904  -2420716.058  5384055.842  2407279.216  -0.043  -0.278  -0.405  
449418.004  -2420715.565  5384065.647  2407284.029  -0.237  -0.454  -0.549  
449418.104  -2420670.098  5384035.751  2407278.057  0.072  0.397  -0.058  
449418.204  -2420676.596  5384036.602  2407275.839  0.515  1.004  0.788  
449418.304  -2420684.289  5384039.805  2407275.185  0.475  0.351  0.419  
449418.404  -2420693.446  5384006.762  2407253.723  0.692  0.887  0.907  
449418.504  -2420697.660  5384009.348  2407252.796  0.305  0.112  0.293  
449418.604  -2420702.258  5384009.242  2407250.380  0.190  0.241  0.161  
449418.704  -2420705.947  5384011.925  2407250.479  -0.172  -0.263  0.020  
449418.804  -2420709.602  5384017.584  2407252.015  0.331  0.341  0.211  
449418.904  -2420710.190  5384024.827  2407255.253  0.386  -0.718  -0.268  
449419.004  -2420709.917  5384027.808  2407257.765  -0.065  -0.771  -0.669  
449419.104  -2420710.346  5384027.068  2407257.616  0.123  1.541  1.035  
449419.204  -2420709.481  5384019.400  2407253.064  0.027  0.678  0.304  
449419.304  -2420704.892  5384040.583  2407266.317  0.164  -0.591  -0.170  
449419.404  -2420703.005  5384038.870  2407266.716  -0.400  0.377  -0.106  
449419.504  -2420702.778  5384036.259  2407265.935  0.151  0.435  0.269  
449419.604  -2420700.760  5384042.038  2407269.296  -0.513  -0.842  -0.801  
449419.704  -2420699.211  5384046.851  2407272.725  0.087  0.488  0.253  
449419.804  -2420697.525  5384055.755  2407278.917  -0.086  -0.100  -0.226  
449419.904  -2420697.555  5384056.320  2407279.295  0.138  -0.323  -0.140  
449420.004  -2420697.481  5384059.045  2407279.800  0.199  0.341  0.179  
449420.104  -2420699.389  5384054.506  2407276.465  0.396  1.421  0.870  
449420.204  -2420700.349  5384046.331  2407271.616  -0.167  0.706  0.330  
449420.304  -2420702.409  5384038.270  2407265.027  -0.315  -0.987  -0.682  
449420.404  -2420702.648  5384040.940  2407265.851  -0.317  0.320  -0.145  
449420.504  -2420699.829  5384048.514  2407270.769  0.057  0.839  0.521  
449420.604  -2420704.739  5384020.753  2407253.566  0.095  0.408  0.106  
449420.704  -2420704.957  5384025.704  2407255.091  0.149  -0.157  -0.083  
449420.804  -2420702.199  5384030.473  2407258.755  -0.180  -1.345  -0.754  
449420.904  -2420701.890  5384032.964  2407259.628  -0.176  -1.406  -0.807  
449421.004  -2420698.619  5384048.644  2407269.414  -0.037  -0.490  -0.332  
449421.104  -2420649.588  5384015.463  2407263.790  -0.207  1.163  0.418  
449421.204  -2420656.847  5384029.078  2407269.497  0.567  0.560  0.461  
449421.304  -2420666.909  5384045.816  2407275.679  0.161  0.472  0.163  
449421.404  -2420674.967  5384071.110  2407288.441  0.290  0.502  0.522  
449421.504  -2420682.836  5384086.430  2407295.521  0.088  0.208  0.166  
449421.604  -2420684.585  5384109.685  2407309.160  -0.440  -1.751  -1.134  
449421.704  -2420686.264  5384130.114  2407320.924  -0.424  -0.701  -0.611  
449421.804  -2420689.941  5384143.402  2407327.612  -0.260  -0.123  -0.223  
449421.904  -2420688.838  5384157.151  2407337.086  0.096  0.014  0.190  
449422.004  -2420686.733  5384181.306  2407351.771  -0.496  -0.216  -0.518  
449422.104  -2420683.531  5384201.146  2407363.994  -0.290  -0.670  -0.590  
449422.204  -2420679.758  5384230.768  2407382.151  -0.407  -1.890  -1.106  
449422.304  -2420675.163  5384257.500  2407399.314  -0.243  -0.133  -0.224  
449422.404  -2420672.754  5384279.420  2407412.470  0.308  -0.157  0.067  
449422.504  -2420671.266  5384302.589  2407426.654  0.334  0.073  0.112  
449422.604  -2420670.228  5384323.369  2407438.268  0.706  0.721  0.757  
449422.704  -2420624.836  5384301.608  2407438.340  0.339  -0.529  -0.279  
449422.804  -2420630.336  5384318.200  2407446.392  -0.082  0.102  0.075  
449422.904  -2420640.736  5384334.191  2407453.039  0.054  0.407  0.254  
449423.004  -2420647.963  5384349.576  2407460.349  0.136  0.952  0.497  
449423.104  -2420654.171  5384368.106  2407468.760  -0.075  -0.070  -0.148  
449423.204  -2420665.523  5384347.793  2407455.057  -0.050  0.937  0.314  
449423.304  -2420671.305  5384353.644  2407456.226  -0.357  -0.343  -0.388  
449423.404  -2420671.064  5384370.816  2407466.432  -0.096  -1.052  -0.468  
449423.504  -2420673.225  5384373.262  2407467.073  0.176  -0.646  -0.500  
449423.604  -2420672.175  5384377.247  2407469.981  0.337  0.171  0.161  
449423.704  -2420670.458  5384378.470  2407471.399  0.671  -0.000  0.194  
449423.804  -2420666.546  5384377.024  2407473.309  -0.150  -0.445  -0.206  
449423.904  -2420663.660  5384384.254  2407478.075  0.154  -0.998  -0.431  
449424.004  -2420668.190  5384334.177  2407449.079  -0.043  0.389  0.031  
449424.104  -2420669.002  5384317.976  2407439.067  0.146  1.469  0.492  
449424.204  -2420670.660  5384304.130  2407431.147  -0.089  -0.775  -0.318  
449424.304  -2420670.519  5384299.526  2407428.032  -0.110  -0.487  -0.450  
449424.404  -2420672.632  5384295.397  2407425.043  -0.062  0.310  -0.010  
449424.504  -2420679.371  5384251.760  2407399.287  0.346  1.060  0.646  
449424.604  -2420683.467  5384236.311  2407388.369  0.212  2.095  1.231  
449424.704  -2420684.156  5384230.289  2407383.473  0.160  0.524  0.376  
449424.804  -2420685.656  5384226.995  2407380.427  0.143  0.695  0.517  
449424.904  -2420686.872  5384221.592  2407377.196  -0.172  0.014  0.057  
449425.004  -2420688.274  5384210.934  2407369.865  0.101  0.657  0.497  
449425.104  -2420689.114  5384198.049  2407362.356  -0.373  -1.260  -0.659  
449425.204  -2420652.000  5384160.312  2407351.605  0.088  0.436  0.235  
449425.304  -2420627.581  5384179.962  2407380.444  0.223  0.063  -0.075  
449425.404  -2420642.235  5384182.523  2407376.121  -0.153  -0.199  -0.167  
449425.504  -2420658.416  5384186.386  2407371.976  -0.264  -0.469  -0.204  
449425.604  -2420671.795  5384186.644  2407366.846  0.047  -0.114  0.004  
449425.704  -2420683.474  5384186.920  2407362.332  0.172  1.223  0.805  
449425.804  -2420642.272  5384165.166  2407359.622  -0.184  -0.256  -0.145  
449425.904  -2420656.371  5384177.151  2407361.297  0.431  0.558  0.269  
449426.004  -2420672.089  5384187.697  2407362.952  -0.093  -0.654  -0.427  
449426.104  -2420683.551  5384198.065  2407366.159  0.521  0.107  0.336  
449426.204  -2420690.497  5384213.793  2407373.433  0.058  0.889  0.469  
449426.304  -2420701.669  5384185.830  2407354.938  0.325  -0.113  0.163  
449426.404  -2420704.760  5384185.744  2407354.151  0.033  0.287  0.183  
449426.504  -2420706.251  5384187.925  2407355.817  0.168  0.086  0.040  
449426.604  -2420708.214  5384179.982  2407350.719  0.144  -0.613  -0.224  
449426.704  -2420708.357  5384178.020  2407349.729  -0.218  -0.729  -0.605  
449426.804  -2420706.661  5384189.045  2407356.171  0.020  -0.296  -0.097  
449426.904  -2420706.147  5384194.716  2407359.543  -0.030  -1.653  -0.900  
449427.004  -2420654.798  5384174.602  2407362.386  0.414  1.771  0.875  
449427.104  -2420661.455  5384177.892  2407363.431  0.090  -0.367  -0.175  
449427.204  -2420681.865  5384112.080  2407320.552  0.310  0.395  0.265  
449427.304  -2420687.861  5384122.383  2407323.023  0.011  -1.217  -0.772  
449427.404  -2420693.462  5384123.483  2407321.692  0.027  0.230  -0.052  
449427.504  -2420698.066  5384131.308  2407323.218  -0.011  -0.119  -0.042  
449427.604  -2420700.679  5384144.937  2407328.941  0.509  1.379  1.045  
449427.704  -2420701.139  5384158.412  2407335.693  0.145  0.479  0.363  
449427.804  -2420707.862  5384125.156  2407314.748  -0.070  -0.953  -0.597  
449427.904  -2420706.168  5384132.459  2407317.369  0.397  0.965  0.577  
449428.004  -2420704.959  5384127.777  2407314.842  0.138  -1.533  -0.601  
449428.104  -2420703.130  5384126.942  2407314.658  0.036  -0.289  -0.231  
449428.204  -2420699.547  5384129.919  2407317.894  0.264  -0.255  -0.320  
449428.304  -2420696.613  5384122.304  2407314.144  0.357  -0.846  -0.356  
449428.404  -2420693.054  5384121.575  2407315.179  0.218  0.705  0.522  
449428.504  -2420690.793  5384111.827  2407310.522  -0.228  -1.024  -0.727  
449428.604  -2420690.229  5384097.940  2407302.003  -0.474  -0.671  -0.236  
449428.704  -2420688.346  5384089.694  2407297.913  -0.292  -1.436  -0.752  
449428.804  -2420684.721  5384087.734  2407297.575  -0.374  -0.844  -0.598  
449428.904  -2420683.596  5384076.523  2407291.971  0.170  -0.282  -0.242  
449429.004  -2420668.841  5384062.195  2407275.639  0.657  0.638  0.377  
449429.104  -2420671.570  5384056.151  2407274.376  -0.091  0.616  0.157  
449429.204  -2420676.139  5384045.943  2407270.042  -0.599  -0.733  -0.221  
449429.304  -2420679.286  5384035.314  2407265.679  -0.254  -0.055  -0.033  
449429.404  -2420680.856  5384027.176  2407261.252  0.348  -0.665  -0.409  
449429.504  -2420684.229  5384020.567  2407258.903  -0.244  -0.773  -0.388  
449429.604  -2420685.124  5384030.473  2407264.708  -0.206  -0.609  -0.281  
449429.704  -2420688.734  5384018.541  2407257.596  0.193  0.462  0.236  
449429.804  -2420694.205  5384005.465  2407250.455  0.058  -0.456  -0.021  
449429.904  -2420657.501  5383967.186  2407239.241  -0.060  -1.791  -0.928  
449430.004  -2420672.207  5383931.038  2407215.373  0.219  -1.083  -0.763  
449430.104  -2420686.087  5383936.285  2407214.042  0.135  0.125  0.067  
449430.204  -2420695.993  5383938.530  2407213.047  -0.420  0.051  -0.160  
449430.304  -2420703.185  5383942.177  2407212.842  0.366  2.527  1.339  
449430.404  -2420712.825  5383909.750  2407192.415  -0.111  0.286  0.233  
449430.504  -2420716.090  5383920.111  2407195.884  -0.152  0.423  0.080  
449430.604  -2420716.280  5383942.534  2407207.280  -0.206  -1.438  -0.883  
449430.704  -2420718.029  5383952.329  2407212.610  0.710  1.571  0.967  
449430.804  -2420724.102  5383927.176  2407196.113  0.373  0.719  0.624  
449430.904  -2420722.894  5383948.901  2407208.704  -0.038  -0.309  -0.131  
449431.004  -2420720.816  5383966.744  2407220.896  -0.088  0.423  0.200  
449431.104  -2420720.534  5383972.657  2407225.453  0.248  -0.475  -0.300  
449431.204  -2420720.513  5383982.421  2407231.542  0.052  -0.390  -0.216  
449431.304  -2420730.414  5383995.270  2407247.758  0.114  -1.837  -1.038  
449431.404  -2420724.442  5383998.104  2407247.873  0.470  -0.102  0.087  
449431.504  -2420719.495  5383997.875  2407246.683  0.403  0.256  0.346  
449431.604  -2420712.691  5384019.245  2407257.978  0.064  0.386  0.200  
449431.704  -2420706.664  5384032.107  2407264.850  0.588  1.043  0.817  
449431.804  -2420660.780  5384014.082  2407265.409  0.651  1.519  1.239  
449431.904  -2420664.453  5384032.621  2407274.040  0.371  0.457  0.399  
449432.004  -2420673.845  5384049.446  2407280.884  0.182  0.636  0.398  
449432.104  -2420678.436  5384067.612  2407289.992  0.104  1.268  0.787  
449432.204  -2420643.610  5384044.025  2407285.881  -0.097  0.061  0.185  
449432.304  -2420660.048  5384047.204  2407282.848  -0.370  -1.550  -0.749  
449432.404  -2420674.570  5384044.177  2407277.213  0.606  1.027  0.545  
449432.504  -2420687.220  5384045.368  2407274.917  0.089  -0.310  -0.028  
449432.604  -2420699.246  5384048.808  2407274.020  -0.237  0.441  0.306  
449432.704  -2420702.318  5384085.856  2407294.668  -0.164  1.227  0.495  
449432.804  -2420711.030  5384066.510  2407282.937  -0.476  -2.252  -1.294  
449432.904  -2420714.405  5384070.898  2407285.168  -0.355  -1.852  -1.386  
449433.004  -2420718.408  5384061.961  2407279.950  -0.437  -3.141  -1.817  
449433.104  -2420723.553  5384039.633  2407267.386  -0.176  -1.749  -1.061  
449433.204  -2420726.467  5384024.553  2407257.917  -0.497  -2.210  -1.464  
449433.304  -2420729.455  5383999.052  2407242.550  -0.316  -1.874  -1.262  
449433.404  -2420728.589  5383993.653  2407238.998  -0.137  -1.181  -0.780  
449433.504  -2420728.404  5383982.830  2407231.895  -0.499  -2.143  -1.319  
449433.604  -2420732.286  5383944.069  2407208.669  -0.242  -1.597  -1.060  
449433.704  -2420717.327  5383933.749  2407193.345  -0.366  -2.858  -1.630  
449433.804  -2420719.928  5383929.494  2407192.580  -0.560  -3.044  -1.915  
449433.904  -2420723.176  5383928.007  2407192.641  -0.528  -4.488  -2.691  
449434.004  -2420726.902  5383924.499  2407192.469  -0.299  -4.058  -2.394  
449434.104  -2420727.402  5383929.593  2407197.833  -0.664  -4.020  -2.509  
449434.204  -2420728.878  5383930.849  2407199.806  -0.416  -2.441  -1.583  
449434.304  -2420729.638  5383926.577  2407198.773  -0.763  -3.208  -2.150  
449434.404  -2420731.072  5383910.817  2407190.982  0.045  -1.822  -1.156  
449434.504  -2420730.690  5383892.251  2407180.964  -0.106  -2.119  -1.198  
449434.604  -2420732.416  5383876.084  2407171.229  0.124  -1.080  -0.606  
449434.704  -2420730.153  5383880.878  2407174.305  -0.006  -1.335  -0.885  
449434.804  -2420730.399  5383878.217  2407173.309  -0.371  -4.905  -2.768  
449434.904  -2420729.059  5383877.300  2407174.461  -0.324  -5.178  -2.918  
449435.004  -2420727.894  5383874.471  2407173.062  -1.255  -6.022  -3.837  
449435.104  -2420728.561  5383868.970  2407169.671  -1.131  -5.435  -3.399  
449435.204  -2420727.588  5383867.010  2407168.399  -0.920  -5.272  -3.367  
449435.304  -2420730.188  5383858.821  2407162.655  -0.683  -4.206  -2.645  
449435.404  -2420730.895  5383857.221  2407160.962  -0.285  -3.862  -2.441  
449435.504  -2420768.217  5383835.134  2407125.669  -0.675  -4.427  -2.636  
449435.604  -2420761.862  5383833.397  2407128.675  -0.621  -2.856  -1.911  
449435.704  -2420751.652  5383833.180  2407132.736  -0.586  -1.393  -0.963  
449435.804  -2420698.572  5383783.045  2407120.162  -0.652  -3.571  -2.271  
449435.904  -2420698.948  5383794.089  2407127.080  -0.275  -1.802  -1.324  
449436.004  -2420710.662  5383768.884  2407109.878  -0.689  -2.599  -1.742  
449436.104  -2420718.209  5383769.605  2407108.057  -0.263  -0.572  -0.516  
449436.204  -2420723.438  5383779.179  2407112.958  -0.398  -2.668  -1.452  
449436.304  -2420728.289  5383787.156  2407116.733  -0.673  -2.578  -1.583  
449436.404  -2420734.625  5383780.431  2407111.732  -0.949  -4.333  -2.576  
449436.504  -2420738.216  5383783.561  2407112.772  -0.357  -2.843  -1.858  
449436.604  -2420741.367  5383762.236  2407100.612  -0.576  -2.045  -1.384  
449436.704  -2420742.513  5383755.658  2407096.173  -0.253  -2.087  -1.336  
449436.804  -2420740.690  5383775.346  2407107.015  -0.850  -2.584  -1.670  
449436.904  -2420743.281  5383771.328  2407103.881  -0.878  -3.821  -2.274  
449437.004  -2420744.557  5383767.553  2407101.339  -0.376  -2.713  -1.697  
449437.104  -2420744.334  5383766.857  2407099.989  -0.184  -2.157  -1.338  
449437.204  -2420745.395  5383761.431  2407096.630  -0.171  -2.472  -1.376  
449437.304  -2420744.529  5383761.603  2407096.206  -0.267  -3.552  -2.113  
449437.404  -2420747.391  5383746.829  2407086.025  -0.441  -2.103  -1.427  
449437.504  -2420749.562  5383733.621  2407076.994  -0.683  -2.222  -1.580  
449437.604  -2420749.605  5383733.911  2407075.966  -0.736  -3.034  -2.022  
449437.704  -2420704.756  5383658.572  2407044.637  -0.483  -3.397  -2.007  
449437.804  -2420711.940  5383660.234  2407042.193  -0.655  -4.797  -2.736  
449437.904  -2420720.084  5383681.326  2407051.452  -0.055  -2.057  -1.407  
449438.004  -2420728.647  5383697.906  2407059.240  0.008  -1.635  -1.107  
449438.104  -2420735.694  5383712.888  2407066.267  -0.068  -1.827  -0.970  
449438.204  -2420746.153  5383697.477  2407055.057  -0.262  -1.453  -0.917  
449438.304  -2420749.514  5383715.730  2407064.921  -0.517  -2.310  -1.403  
449438.404  -2420752.859  5383729.275  2407072.126  -0.604  -2.178  -1.574  
449438.504  -2420752.301  5383749.314  2407083.063  -0.155  -0.290  -0.437  
449438.604  -2420753.368  5383756.072  2407087.343  -0.549  -1.853  -1.153  
449438.704  -2420758.711  5383729.893  2407072.273  -0.251  -1.840  -1.205  
449438.804  -2420756.154  5383735.557  2407075.471  0.132  -0.240  -0.126  
449438.904  -2420754.959  5383744.279  2407081.212  -0.191  -1.695  -0.931  
449439.004  -2420751.262  5383757.503  2407090.306  0.283  1.198  0.677  
449439.104  -2420750.001  5383764.511  2407095.884  -0.270  0.280  0.169  
449439.204  -2420745.163  5383783.618  2407109.068  0.326  2.297  1.301  
449439.304  -2420745.637  5383785.699  2407111.971  0.299  3.133  1.851  
449439.404  -2420745.179  5383791.739  2407115.558  0.026  2.492  1.666  
449439.504  -2420742.316  5383804.371  2407124.443  -0.399  0.605  0.308  
449439.604  -2420741.519  5383818.671  2407132.925  0.080  0.654  0.557  
449439.704  -2420740.520  5383839.731  2407145.880  0.402  2.159  1.287  
449439.804  -2420736.727  5383858.922  2407158.115  0.494  1.842  0.999  
449439.904  -2420733.209  5383883.362  2407172.755  0.077  0.830  0.507  
449440.004  -2420729.354  5383913.556  2407191.621  0.071  1.171  0.936  
449440.104  -2420724.906  5383942.899  2407210.976  0.423  2.592  1.677  
449440.204  -2420718.554  5383984.589  2407237.037  -0.302  -0.249  -0.062  
449440.304  -2420714.972  5384001.002  2407247.739  0.172  1.140  0.590  
449440.404  -2420711.776  5384010.696  2407255.535  -0.051  -0.241  -0.261  
449440.504  -2420709.456  5384019.368  2407260.915  -0.064  0.807  0.405  
449440.604  -2420706.530  5384042.362  2407275.571  -0.024  1.989  0.918  
449440.704  -2420705.089  5384054.084  2407282.525  0.195  1.436  0.939  
449440.804  -2420705.195  5384070.306  2407292.413  0.230  2.126  1.153  
449440.904  -2420704.342  5384078.087  2407296.132  0.387  3.268  2.015  
449441.004  -2420692.557  5384068.194  2407282.354  -0.360  -0.176  -0.057  
449441.104  -2420691.873  5384074.674  2407287.659  -0.274  -0.270  -0.135  
449441.204  -2420696.836  5384069.576  2407286.225  -0.108  0.289  0.156  
449441.304  -2420701.014  5384057.924  2407280.620  0.683  2.096  1.337  
449441.404  -2420701.563  5384054.286  2407280.290  0.596  2.458  1.507  
449441.504  -2420703.051  5384059.513  2407283.992  0.652  2.055  1.222  
449441.604  -2420702.554  5384064.116  2407288.718  1.179  2.522  1.834  
449441.704  -2420703.003  5384067.387  2407291.869  0.979  3.154  2.128  
449441.804  -2420705.827  5384060.555  2407288.281  0.895  3.874  2.391  
