449358.004  -2420718.554  5384193.489  2407356.169  0.388  0.751  0.539  
449358.104  -2420719.912  5384194.906  2407357.888  0.290  -0.769  -0.378  
449358.204  -2420720.383  5384195.790  2407358.772  -0.155  -0.408  -0.286  
449358.304  -2420719.589  5384200.494  2407361.816  0.475  0.528  0.261  
449358.404  -2420720.767  5384205.485  2407363.839  0.401  0.089  0.200  
449358.504  -2420719.627  5384203.743  2407363.486  -0.322  0.503  -0.156  
449358.604  -2420720.029  5384209.114  2407367.081  -0.579  0.152  0.015  
449358.704  -2420722.265  5384204.279  2407362.744  -0.525  -0.085  -0.173  
449358.804  -2420719.718  5384208.469  2407366.524  0.552  0.334  0.420  
449358.904  -2420720.357  5384204.083  2407363.658  -0.540  0.365  -0.033  
449359.004  -2420626.434  5384096.248  2407328.930  0.322  -0.308  -0.229  
449359.104  -2420655.678  5384139.039  2407346.034  -0.208  -0.421  0.068  
449359.204  -2420679.868  5384162.745  2407351.840  0.018  0.418  0.260  
449359.304  -2420697.074  5384187.396  2407359.879  -0.074  -0.796  -0.821  
449359.404  -2420709.367  5384206.508  2407366.623  0.494  -1.880  -1.148  
449359.504  -2420721.033  5384219.349  2407370.651  -0.018  -0.209  0.018  
449359.604  -2420727.900  5384221.750  2407369.721  0.160  0.833  0.634  
449359.704  -2420733.805  5384229.994  2407373.025  0.518  0.127  0.282  
449359.804  -2420734.840  5384233.634  2407374.442  -0.372  -0.684  -0.771  
449359.904  -2420740.380  5384228.093  2407370.835  -0.234  0.187  0.054  
449360.004  -2420741.741  5384226.775  2407368.813  0.205  -0.955  -0.492  
449360.104  -2420745.068  5384194.280  2407348.862  0.445  -0.054  0.061  
449360.204  -2420744.700  5384205.690  2407355.513  -0.123  -0.083  -0.081  
449360.304  -2420743.291  5384222.561  2407365.847  0.642  -0.421  0.216  
449360.404  -2420738.115  5384227.057  2407370.359  0.240  -0.963  -0.437  
449360.504  -2420680.010  5384195.943  2407370.973  0.082  0.326  0.244  
449360.604  -2420643.805  5384185.013  2407376.985  0.628  0.075  0.326  
449360.704  -2420667.600  5384202.291  2407381.206  0.288  -1.151  -0.424  
449360.804  -2420684.177  5384213.941  2407385.592  -0.427  1.057  0.155  
449360.904  -2420693.057  5384233.139  2407397.409  -0.396  0.542  0.589  
449361.004  -2420697.896  5384251.270  2407409.039  1.578  0.590  1.146  
449361.104  -2420702.489  5384248.740  2407406.291  0.001  2.798  1.878  
449361.204  -2420739.528  5384234.878  2407376.884  1.254  0.957  0.905  
449361.304  -2420730.750  5384239.268  2407384.960  -0.482  2.299  0.874  
449361.404  -2420723.758  5384250.334  2407395.855  0.427  -1.050  -0.589  
449361.504  -2420716.918  5384260.246  2407406.640  -1.074  0.828  0.304  
449361.604  -2420712.356  5384264.466  2407414.087  0.440  0.949  0.696  
449361.704  -2420708.338  5384262.045  2407416.461  0.193  0.308  0.278  
449361.804  -2420703.960  5384264.644  2407421.856  -0.751  -0.785  -0.693  
449361.904  -2420705.250  5384254.629  2407417.143  -0.294  1.551  0.840  
449362.004  -2420700.886  5384249.498  2407416.835  0.143  0.440  0.104  
449362.104  -2420697.228  5384255.646  2407422.202  0.160  0.391  0.221  
449362.204  -2420694.422  5384256.395  2407422.859  1.547  -0.729  -0.010  
449362.304  -2420693.802  5384253.523  2407420.049  0.003  0.802  0.218  
449362.404  -2420689.161  5384246.957  2407418.360  0.104  -0.530  -0.554  
449362.504  -2420687.709  5384242.355  2407414.976  -0.240  1.554  0.877  
449362.604  -2420688.702  5384231.103  2407406.981  1.262  -0.580  0.084  
449362.704  -2420694.262  5384232.089  2407405.324  0.948  0.216  0.555  
449362.804  -2420692.559  5384230.314  2407406.554  1.430  0.437  0.902  
449362.904  -2420698.057  5384229.661  2407403.437  0.112  -0.814  -0.256  
449363.004  -2420699.732  5384231.685  2407403.536  -0.210  -0.546  -0.563  
449363.104  -2420704.142  5384238.086  2407404.795  0.503  0.589  0.465  
449363.204  -2420708.343  5384238.322  2407401.553  -0.342  -0.076  0.134  
449363.304  -2420711.723  5384230.316  2407393.134  0.223  0.477  0.119  
449363.404  -2420715.218  5384226.162  2407387.284  0.065  -1.639  -1.011  
449363.504  -2420720.131  5384226.348  2407384.256  -0.482  -0.441  -0.173  
449363.604  -2420636.532  5384154.161  2407365.740  0.003  -0.144  0.048  
449363.704  -2420661.928  5384172.425  2407368.979  0.115  -0.215  -0.024  
449363.804  -2420682.916  5384194.150  2407375.810  0.549  2.107  1.466  
449363.904  -2420700.593  5384206.257  2407377.542  0.734  0.049  0.058  
449364.004  -2420711.488  5384222.986  2407384.373  0.356  -0.724  -0.150  
449364.104  -2420719.021  5384235.303  2407390.259  -0.844  0.302  -0.048  
449364.204  -2420679.781  5384204.980  2407384.206  -0.331  -1.254  -0.735  
449364.304  -2420697.782  5384220.336  2407388.360  -1.439  -0.332  -0.977  
449364.404  -2420709.667  5384237.456  2407394.644  -0.349  -0.260  -0.255  
449364.504  -2420718.849  5384240.813  2407393.679  -0.307  1.766  0.869  
449364.604  -2420720.770  5384243.297  2407394.952  -0.216  0.556  -0.007  
449364.704  -2420722.220  5384244.476  2407394.134  0.144  -1.143  -0.727  
449364.804  -2420728.310  5384246.008  2407391.293  0.883  1.394  1.145  
449364.904  -2420731.728  5384245.820  2407389.253  0.700  -0.601  0.023  
449365.004  -2420729.846  5384246.874  2407391.390  -1.001  -0.741  -1.046  
449365.104  -2420725.491  5384249.396  2407395.599  0.582  -0.333  0.150  
449365.204  -2420713.501  5384239.875  2407397.723  -0.253  -0.768  -0.718  
449365.304  -2420710.708  5384235.135  2407395.932  0.341  1.606  1.354  
449365.404  -2420705.028  5384226.105  2407394.370  0.320  0.036  -0.030  
449365.504  -2420695.221  5384216.690  2407393.871  0.677  -1.501  -0.560  
449365.604  -2420689.038  5384210.517  2407393.273  1.017  0.972  1.110  
449365.704  -2420687.598  5384210.329  2407394.745  0.675  -0.728  -0.421  
449365.804  -2420684.640  5384210.657  2407396.306  -0.344  0.002  -0.058  
449365.904  -2420681.187  5384219.940  2407405.420  -0.514  0.994  0.273  
449366.004  -2420677.444  5384219.741  2407408.529  0.902  -0.680  0.144  
449366.104  -2420674.596  5384220.966  2407413.066  -0.516  0.544  0.144  
449366.204  -2420653.219  5384165.500  2407377.090  0.960  1.238  1.087  
449366.304  -2420610.745  5384149.038  2407384.436  0.210  -0.909  -0.464  
449366.404  -2420631.066  5384168.352  2407392.231  0.265  0.879  0.733  
449366.504  -2420607.113  5384147.149  2407389.247  0.462  -0.453  0.082  
449366.604  -2420636.297  5384171.576  2407395.253  -0.114  0.173  0.261  
449366.704  -2420662.025  5384185.739  2407396.344  -0.791  -0.869  -0.813  
449366.804  -2420672.804  5384200.264  2407403.205  -0.392  -0.859  -1.013  
449366.904  -2420686.161  5384205.421  2407400.477  -0.403  -0.782  -0.575  
449367.004  -2420692.856  5384203.845  2407396.102  0.040  -0.795  -0.514  
449367.104  -2420642.344  5384161.049  2407385.945  0.330  0.586  0.428  
449367.204  -2420653.840  5384168.653  2407387.389  0.342  -0.604  -0.110  
449367.304  -2420669.111  5384174.441  2407384.286  -0.087  0.844  0.601  
449367.404  -2420639.168  5384128.829  2407364.326  0.771  1.216  1.223  
449367.504  -2420664.673  5384137.529  2407358.641  0.220  -0.578  -0.380  
449367.604  -2420682.489  5384142.549  2407355.065  0.815  -0.496  0.280  
449367.704  -2420696.618  5384151.226  2407357.068  0.425  2.993  2.022  
449367.804  -2420708.698  5384157.767  2407356.879  0.998  -1.285  -0.092  
449367.904  -2420710.728  5384168.058  2407363.148  1.102  0.977  0.955  
449368.004  -2420716.460  5384177.385  2407366.284  -0.299  0.609  0.307  
449368.104  -2420719.044  5384176.671  2407363.921  0.396  0.448  0.660  
449368.204  -2420719.172  5384177.117  2407364.564  -1.200  -0.428  -0.501  
449368.304  -2420717.640  5384175.347  2407365.861  -0.126  0.395  0.146  
449368.404  -2420710.874  5384174.316  2407368.882  -0.119  0.185  0.094  
449368.504  -2420703.021  5384176.907  2407376.042  0.200  -0.018  -0.129  
449368.604  -2420691.975  5384178.352  2407383.242  -1.032  -0.113  -0.662  
449368.704  -2420692.993  5384174.067  2407379.899  1.077  0.578  1.174  
449368.804  -2420644.448  5384138.574  2407372.681  0.889  0.359  0.857  
449368.904  -2420661.180  5384148.544  2407370.069  0.632  -0.851  -0.048  
449369.004  -2420675.041  5384152.732  2407365.068  -0.766  -1.062  -1.226  
449369.104  -2420683.309  5384119.318  2407342.124  -0.735  0.827  -0.284  
449369.204  -2420683.698  5384132.218  2407348.366  0.568  1.118  0.974  
449369.304  -2420685.980  5384143.949  2407354.914  -0.422  -1.211  -0.824  
449369.404  -2420683.724  5384151.139  2407360.895  0.658  -0.140  0.353  
449369.504  -2420690.478  5384152.813  2407359.408  -1.207  0.060  -0.559  
449369.604  -2420696.564  5384156.434  2407357.846  -0.535  -0.175  -0.532  
449369.704  -2420701.547  5384161.050  2407358.671  1.308  -1.196  -0.310  
449369.804  -2420707.366  5384158.907  2407353.679  0.192  0.745  0.942  
449369.904  -2420613.429  5384088.369  2407340.171  0.372  -0.223  0.086  
449370.004  -2420639.757  5384114.919  2407349.736  -0.138  -0.895  -0.672  
449370.104  -2420663.539  5384137.655  2407356.154  0.339  0.617  0.585  
449370.204  -2420680.245  5384151.372  2407359.008  0.287  -0.632  -0.398  
449370.304  -2420689.527  5384160.230  2407363.763  0.394  -0.070  -0.098  
449370.404  -2420648.132  5384135.834  2407360.896  -0.798  -0.433  -0.434  
449370.504  -2420669.281  5384145.489  2407359.382  -0.477  -0.987  -0.808  
449370.604  -2420683.813  5384152.832  2407356.964  -0.838  -1.109  -1.228  
449370.704  -2420698.869  5384120.031  2407333.793  -1.229  0.167  -0.886  
449370.804  -2420705.258  5384130.842  2407337.404  1.072  -0.327  0.265  
449370.904  -2420714.570  5384137.978  2407337.886  -0.616  -0.042  -0.327  
449371.004  -2420717.463  5384144.991  2407342.618  0.326  0.300  0.661  
449371.104  -2420718.155  5384146.388  2407341.759  -0.220  -0.528  -0.263  
449371.204  -2420712.898  5384140.537  2407339.007  0.615  0.430  0.651  
449371.304  -2420707.827  5384141.585  2407341.359  -1.449  -0.496  -1.293  
449371.404  -2420702.613  5384140.652  2407342.115  0.866  0.535  0.560  
449371.504  -2420705.509  5384129.619  2407334.652  1.117  -0.150  0.680  
449371.604  -2420703.377  5384127.873  2407334.674  -0.753  0.005  -0.183  
449371.704  -2420696.586  5384125.266  2407335.928  -1.317  -0.792  -1.168  
449371.804  -2420695.264  5384092.436  2407317.566  0.329  0.124  0.140  
449371.904  -2420683.703  5384097.393  2407324.041  -0.330  -0.568  -0.689  
449372.004  -2420675.419  5384104.809  2407332.580  -0.685  -0.613  -0.670  
449372.104  -2420676.193  5384106.318  2407331.592  0.975  0.218  0.766  
449372.204  -2420675.624  5384102.611  2407327.548  -0.441  -1.028  -0.600  
449372.304  -2420657.723  5384092.913  2407311.779  -0.389  -0.782  -0.826  
449372.404  -2420658.971  5384100.031  2407317.626  0.077  -0.492  -0.437  
449372.504  -2420656.576  5384108.790  2407326.550  0.300  0.602  0.358  
449372.604  -2420619.666  5384081.121  2407321.817  0.510  -0.594  -0.442  
449372.704  -2420590.126  5384018.270  2407295.886  0.634  0.005  0.265  
449372.804  -2420619.374  5384042.604  2407299.217  1.172  0.289  0.972  
449372.904  -2420635.949  5384066.381  2407308.314  0.003  -0.588  -0.262  
449373.004  -2420653.532  5384079.288  2407309.258  0.253  -0.367  -0.141  
449373.104  -2420666.707  5384090.762  2407311.527  -0.716  0.222  -0.227  
449373.204  -2420681.848  5384099.525  2407310.127  -0.904  -0.423  -0.575  
449373.304  -2420648.683  5384070.339  2407299.763  -0.683  -1.075  -1.393  
449373.404  -2420670.633  5384081.901  2407297.892  0.914  0.717  0.612  
449373.504  -2420681.843  5384091.765  2407299.633  0.696  -0.952  -0.326  
449373.604  -2420638.948  5384068.309  2407299.033  0.413  -0.319  -0.022  
449373.704  -2420660.592  5384081.819  2407300.453  0.840  0.533  0.600  
449373.804  -2420673.470  5384091.501  2407301.606  0.744  0.098  0.608  
449373.904  -2420685.471  5384093.614  2407299.187  0.058  1.201  0.831  
449374.004  -2420698.299  5384093.163  2407292.910  0.986  1.651  1.447  
449374.104  -2420706.793  5384096.132  2407291.764  -0.477  -1.251  -1.138  
449374.204  -2420708.244  5384094.947  2407290.676  0.747  -0.740  -0.331  
449374.304  -2420706.702  5384094.482  2407290.570  -1.047  0.127  -0.867  
449374.404  -2420708.788  5384091.938  2407286.833  -0.706  0.234  0.374  
449374.504  -2420709.991  5384090.653  2407284.254  0.381  0.543  0.247  
449374.604  -2420700.760  5384092.687  2407289.649  -0.553  -0.256  -0.664  
449374.704  -2420695.777  5384090.488  2407289.715  0.705  0.120  0.303  
449374.804  -2420689.521  5384048.762  2407269.619  1.225  0.693  0.918  
449374.904  -2420685.025  5384057.765  2407276.756  0.626  -0.541  0.216  
449375.004  -2420680.810  5384064.616  2407282.577  -0.265  -0.555  -0.314  
449375.104  -2420629.890  5384036.724  2407280.523  -0.092  0.197  -0.154  
449375.204  -2420643.028  5384047.769  2407281.098  0.154  -0.905  -0.851  
449375.304  -2420645.838  5384059.398  2407289.214  -0.987  0.102  -0.288  
449375.404  -2420649.970  5384066.613  2407290.459  0.462  -0.607  -0.271  
449375.504  -2420659.331  5384038.409  2407271.601  -0.929  -0.058  -0.287  
449375.604  -2420617.175  5384013.127  2407268.678  0.494  -0.015  0.384  
449375.704  -2420636.144  5384036.561  2407278.456  -0.564  -0.441  -1.183  
449375.804  -2420649.759  5384055.184  2407285.970  -0.505  0.202  -0.002  
449375.904  -2420659.121  5384062.823  2407285.486  0.801  0.571  0.924  
449376.004  -2420667.156  5384070.751  2407286.005  -0.318  -0.077  -0.070  
449376.104  -2420668.334  5384074.455  2407289.299  0.457  -0.529  -0.222  
449376.204  -2420674.843  5384080.357  2407291.053  0.004  0.148  0.326  
449376.304  -2420678.937  5384084.300  2407293.176  -0.467  0.081  -0.243  
449376.404  -2420686.490  5384087.638  2407291.357  0.037  -0.672  -0.329  
449376.504  -2420695.223  5384083.576  2407283.954  -0.052  -0.668  -0.342  
449376.604  -2420704.380  5384043.594  2407257.139  -0.437  0.457  0.173  
449376.704  -2420707.491  5384049.955  2407259.048  -0.165  0.181  0.047  
449376.804  -2420710.629  5384013.734  2407237.082  0.708  0.121  0.387  
449376.904  -2420708.499  5384023.055  2407243.427  0.483  0.169  0.248  
449377.004  -2420707.175  5384030.968  2407250.016  -0.586  -1.096  -1.203  
449377.104  -2420741.075  5383955.115  2407189.116  -1.005  -1.080  -1.102  
449377.204  -2420723.319  5383981.221  2407214.654  0.497  -0.567  -0.056  
449377.304  -2420712.949  5384005.955  2407232.124  -0.264  -1.445  -0.983  
449377.404  -2420651.340  5383984.667  2407237.475  0.376  0.594  0.620  
449377.504  -2420654.888  5383999.815  2407245.456  0.452  0.004  0.302  
449377.604  -2420664.415  5384021.297  2407255.110  0.309  -1.070  -0.649  
449377.704  -2420667.637  5384030.961  2407260.360  0.201  0.452  0.251  
449377.804  -2420622.593  5384000.812  2407257.304  0.359  1.107  0.800  
449377.904  -2420639.734  5384017.510  2407262.410  -0.843  0.112  -0.481  
449378.004  -2420658.359  5384031.390  2407264.771  -1.474  0.258  -0.138  
449378.104  -2420712.817  5384028.055  2407232.519  0.359  -1.029  -0.577  
449378.204  -2420653.047  5384008.436  2407244.030  0.320  -0.738  -0.595  
449378.304  -2420668.650  5384033.889  2407256.753  0.334  -0.001  0.009  
449378.404  -2420679.936  5384051.252  2407265.385  0.131  0.833  0.536  
449378.504  -2420685.865  5384069.386  2407277.793  0.366  1.077  0.522  
449378.604  -2420643.489  5384039.716  2407275.043  0.012  -0.430  -0.351  
449378.704  -2420664.171  5384058.234  2407282.650  -0.322  -0.232  -0.324  
449378.804  -2420678.672  5384071.426  2407288.093  -0.407  0.179  0.049  
449378.904  -2420688.996  5384080.392  2407292.488  -0.840  0.403  0.085  
449379.004  -2420696.319  5384084.137  2407293.611  -0.697  0.013  -0.425  
449379.104  -2420706.809  5384083.787  2407290.677  0.604  0.141  0.362  
449379.204  -2420717.688  5384047.809  2407266.209  -0.199  0.477  0.209  
449379.304  -2420716.227  5384055.497  2407272.327  0.256  -0.441  -0.606  
449379.404  -2420716.689  5384064.145  2407279.073  -0.610  -0.744  -0.391  
449379.504  -2420716.161  5384068.374  2407282.714  0.294  -0.200  -0.100  
449379.604  -2420712.858  5384068.074  2407283.947  -0.964  -0.200  -0.976  
449379.704  -2420714.086  5384068.712  2407284.007  0.206  -0.176  -0.145  
449379.804  -2420715.799  5384067.640  2407282.353  0.426  0.332  0.572  
449379.904  -2420714.618  5384061.022  2407278.823  -0.392  0.597  -0.023  
449380.004  -2420712.128  5384061.319  2407279.250  -0.262  -0.033  -0.052  
449380.104  -2420706.959  5384064.982  2407284.058  0.723  0.368  0.569  
449380.204  -2420656.026  5384027.564  2407278.946  -0.628  -0.638  -0.866  
449380.304  -2420667.875  5384037.605  2407281.819  0.899  -0.089  0.371  
449380.404  -2420679.559  5384043.366  2407280.566  1.364  1.252  1.369  
449380.504  -2420684.006  5384049.380  2407282.788  0.806  -0.029  0.485  
449380.604  -2420686.519  5384056.377  2407285.874  1.052  0.494  0.490  
449380.704  -2420688.752  5384062.360  2407288.276  -0.226  -0.383  -0.593  
449380.804  -2420696.512  5384063.303  2407285.050  -1.026  -1.034  -1.020  
449380.904  -2420706.818  5384059.752  2407277.857  -0.950  -0.039  -0.659  
449381.004  -2420711.152  5384062.802  2407277.621  -0.241  0.091  -0.181  
449381.104  -2420713.693  5384060.191  2407275.087  0.571  -0.338  0.039  
449381.204  -2420719.128  5384058.611  2407272.896  -0.201  -0.883  -0.531  
449381.304  -2420720.771  5384053.351  2407269.432  -0.241  0.315  -0.181  
449381.404  -2420718.537  5384052.384  2407270.748  -0.017  -0.129  -0.196  
449381.504  -2420715.012  5384052.057  2407272.000  -0.078  0.491  0.451  
449381.604  -2420716.978  5384052.686  2407270.891  -0.234  -0.633  -0.394  
449381.704  -2420717.442  5384047.891  2407268.386  0.627  0.328  0.730  
449381.804  -2420715.014  5384052.123  2407272.085  -0.269  -0.930  -0.720  
449381.904  -2420716.763  5384053.674  2407273.408  0.205  -0.029  0.346  
449382.004  -2420718.268  5384052.997  2407273.065  -0.220  -0.145  -0.379  
449382.104  -2420668.253  5384011.639  2407263.350  0.047  0.277  0.093  
449382.204  -2420682.582  5384022.911  2407266.639  0.600  1.124  0.824  
449382.304  -2420694.302  5384028.078  2407264.940  0.265  0.264  0.041  
449382.404  -2420708.591  5384031.735  2407262.069  0.638  0.857  0.891  
449382.504  -2420715.354  5384039.466  2407262.747  0.564  0.252  0.549  
449382.604  -2420721.638  5384044.593  2407262.452  0.095  0.591  0.574  
449382.704  -2420725.742  5384045.981  2407263.186  0.458  -0.649  -0.296  
449382.804  -2420727.966  5384049.147  2407265.066  0.182  -0.438  -0.330  
449382.904  -2420733.479  5384052.989  2407265.513  -0.298  -0.073  0.072  
449383.004  -2420735.827  5384052.003  2407265.038  -0.762  -0.617  -0.570  
449383.104  -2420728.839  5384056.621  2407272.293  0.010  0.534  0.215  
449383.204  -2420730.903  5384053.126  2407269.523  -0.452  0.249  0.078  
449383.304  -2420732.697  5384054.915  2407270.275  0.194  0.133  0.287  
449383.404  -2420739.565  5384049.990  2407264.105  0.061  0.481  0.262  
449383.504  -2420688.250  5384010.000  2407255.662  -0.432  -0.299  -0.284  
449383.604  -2420699.721  5384025.588  2407264.033  -0.819  -0.179  -0.388  
449383.704  -2420707.886  5384040.492  2407271.777  -0.130  -0.862  -0.576  
449383.804  -2420717.425  5384047.637  2407274.502  0.400  -1.031  -0.553  
449383.904  -2420729.484  5384051.385  2407272.242  -0.422  -0.643  -0.313  
449384.004  -2420706.164  5384062.485  2407293.983  0.885  0.745  1.069  
449384.104  -2420723.329  5384016.376  2407258.300  -0.215  0.395  0.257  
449384.204  -2420734.226  5384021.592  2407254.775  -0.483  0.350  0.099  
449384.304  -2420686.686  5383989.325  2407246.482  0.294  1.228  0.996  
449384.404  -2420704.636  5384003.569  2407247.296  0.301  -0.143  -0.071  
449384.504  -2420718.458  5384016.921  2407249.565  -0.153  0.367  0.274  
449384.604  -2420730.061  5384026.422  2407249.371  0.742  0.531  0.643  
449384.704  -2420736.913  5384025.099  2407244.176  -0.228  0.092  -0.271  
449384.804  -2420692.982  5384000.357  2407240.445  -0.048  0.656  0.403  
449384.904  -2420708.783  5383999.927  2407236.454  -0.091  0.651  0.308  
449385.004  -2420718.443  5384012.631  2407242.285  -0.321  -0.746  -0.816  
449385.104  -2420730.268  5384022.715  2407245.522  -0.683  -1.147  -1.300  
449385.204  -2420737.551  5384030.746  2407248.364  0.007  0.187  0.216  
449385.304  -2420697.652  5384002.152  2407243.012  0.341  1.008  0.841  
449385.404  -2420713.785  5384016.315  2407247.230  0.186  -0.624  -0.248  
449385.504  -2420731.025  5383992.089  2407226.901  0.881  0.188  0.385  
449385.604  -2420691.682  5383975.165  2407228.263  0.291  0.764  0.469  
449385.704  -2420708.194  5384004.891  2407240.545  -0.646  -1.342  -1.236  
449385.804  -2420721.572  5384024.108  2407247.163  -0.333  0.531  0.038  
449385.904  -2420735.180  5384041.615  2407252.981  -0.082  -0.558  -0.467  
449386.004  -2420739.634  5384050.928  2407258.182  0.629  -0.097  0.320  
449386.104  -2420741.763  5384064.628  2407267.958  -0.587  -0.707  -0.852  
449386.204  -2420742.120  5384073.347  2407274.085  0.781  0.535  0.911  
449386.304  -2420742.984  5384076.128  2407274.487  -0.892  -0.351  -0.566  
449386.404  -2420751.074  5384076.067  2407270.156  0.410  0.587  0.592  
449386.504  -2420751.322  5384076.371  2407270.531  0.844  -0.952  0.044  
449386.604  -2420748.847  5384076.820  2407272.688  0.500  0.661  0.614  
449386.704  -2420743.862  5384071.177  2407272.880  -0.534  -0.759  -0.687  
449386.804  -2420739.899  5384064.043  2407270.055  1.438  1.722  1.869  
449386.904  -2420739.440  5384066.305  2407271.299  0.257  0.778  0.826  
449387.004  -2420739.124  5384064.034  2407268.665  0.139  -0.787  -0.293  
449387.104  -2420736.609  5384059.574  2407266.557  0.234  -0.060  0.030  
449387.204  -2420736.505  5384054.875  2407263.466  -0.458  0.080  0.060  
449387.304  -2420734.980  5384015.130  2407242.798  -0.443  -0.885  -0.591  
449387.404  -2420679.968  5383987.959  2407243.648  0.086  0.464  0.112  
449387.504  -2420692.253  5384007.309  2407249.467  0.217  -0.288  -0.028  
449387.604  -2420704.546  5384021.527  2407252.050  -0.402  -0.674  -0.701  
449387.704  -2420717.757  5384035.700  2407254.691  0.318  0.356  0.538  
449387.804  -2420714.633  5384050.108  2407267.923  -0.315  0.455  -0.101  
449387.904  -2420719.734  5384058.847  2407272.518  -0.315  -0.705  -0.626  
449388.004  -2420722.962  5384059.501  2407272.196  -0.610  -0.129  -0.623  
449388.104  -2420668.601  5384035.554  2407278.331  -1.030  -0.455  -1.076  
449388.204  -2420636.948  5384016.800  2407276.351  0.935  -0.279  -0.089  
449388.304  -2420664.780  5384039.422  2407280.833  -0.095  -0.171  -0.259  
449388.404  -2420680.538  5384056.193  2407285.559  0.450  -0.178  0.279  
449388.504  -2420692.874  5384067.285  2407288.778  -0.134  -0.496  -0.058  
449388.604  -2420708.286  5384073.638  2407285.119  -0.507  -1.006  -1.075  
449388.704  -2420715.323  5384082.002  2407285.798  0.578  1.223  1.262  
449388.804  -2420708.324  5384075.797  2407269.416  1.064  0.513  0.752  
449388.904  -2420711.026  5384087.694  2407278.151  0.061  -0.125  0.090  
449389.004  -2420718.291  5384088.504  2407278.447  -0.050  0.387  0.542  
449389.104  -2420721.323  5384081.797  2407275.392  -0.565  0.052  -0.087  
449389.204  -2420719.101  5384080.127  2407276.720  -0.030  -0.187  -0.299  
449389.304  -2420716.668  5384077.559  2407277.054  -0.201  -0.775  -0.423  
449389.404  -2420724.638  5384070.240  2407269.909  0.276  0.474  0.336  
449389.504  -2420721.395  5384072.068  2407271.967  -0.795  -0.394  -0.765  
449389.604  -2420716.480  5384062.973  2407268.720  -0.347  -0.409  -0.529  
449389.704  -2420703.186  5384048.768  2407249.436  -1.117  -0.348  -0.701  
449389.804  -2420715.350  5384045.038  2407245.562  0.410  0.352  0.585  
449389.904  -2420721.616  5384007.764  2407225.272  0.495  -0.014  0.382  
449390.004  -2420714.541  5384021.964  2407238.723  -0.222  -0.007  -0.307  
449390.104  -2420703.473  5384031.366  2407252.534  -1.518  -0.381  -1.059  
449390.204  -2420699.291  5384038.813  2407260.431  -0.279  -0.808  -0.776  
449390.304  -2420699.562  5384045.993  2407264.748  1.126  0.160  0.942  
449390.404  -2420700.263  5384057.622  2407270.921  0.908  -0.026  0.676  
449390.504  -2420702.797  5384058.695  2407270.028  0.469  0.473  0.667  
449390.604  -2420708.907  5384056.401  2407262.614  1.232  0.575  0.820  
449390.704  -2420705.664  5384062.309  2407267.984  -0.441  0.906  0.417  
449390.804  -2420745.807  5384049.576  2407237.369  1.500  0.766  1.418  
449390.904  -2420739.189  5384050.285  2407241.610  1.411  1.440  2.045  
449391.004  -2420730.772  5384050.793  2407245.299  0.511  1.002  0.808  
449391.104  -2420711.263  5384054.663  2407258.238  -0.213  0.248  -0.164  
449391.204  -2420697.462  5384060.191  2407270.106  -0.073  -0.109  0.009  
449391.304  -2420687.309  5384063.055  2407276.361  1.100  1.182  1.280  
449391.404  -2420682.911  5384064.455  2407280.559  1.045  0.570  1.056  
449391.504  -2420671.177  5384067.171  2407288.754  -0.392  -1.017  -0.726  
449391.604  -2420665.741  5384066.938  2407291.395  -0.089  -1.408  -0.788  
449391.704  -2420661.309  5384065.803  2407293.443  0.026  0.547  0.237  
449391.804  -2420661.998  5384066.452  2407292.483  0.741  -0.873  -0.280  
449391.904  -2420665.149  5384065.324  2407289.747  -0.330  0.868  0.362  
449392.004  -2420665.647  5384064.824  2407289.776  0.719  1.264  1.117  
449392.104  -2420657.520  5384064.978  2407295.329  1.496  -1.127  0.141  
449392.204  -2420652.537  5384066.168  2407299.321  -0.479  -0.251  -0.393  
449392.304  -2420650.649  5384067.849  2407302.867  -0.081  -0.113  -0.236  
449392.404  -2420601.326  5384023.722  2407291.175  0.428  -0.300  0.327  
449392.504  -2420575.441  5383998.903  2407283.803  2.661  1.644  2.373  
449392.604  -2420607.211  5384015.939  2407282.912  0.810  -0.230  0.661  
449392.704  -2420629.468  5384027.194  2407284.065  -0.640  -0.427  -0.671  
449392.804  -2420649.942  5384038.261  2407284.840  0.940  -1.011  -0.189  
449392.904  -2420666.812  5384039.217  2407279.234  0.121  -1.026  -0.312  
449393.004  -2420671.076  5384043.660  2407282.792  -0.774  -1.233  -1.003  
449393.104  -2420678.811  5384046.921  2407282.563  -0.061  -0.089  -0.418  
449393.204  -2420687.626  5384053.010  2407282.052  0.832  1.195  1.159  
449393.304  -2420693.652  5384052.037  2407279.790  0.605  0.914  1.039  
449393.404  -2420698.966  5384048.149  2407273.196  -0.676  -0.888  -0.541  
449393.504  -2420698.382  5384052.599  2407277.147  -1.322  0.334  -0.006  
449393.604  -2420701.226  5384049.927  2407274.311  -0.407  -0.942  -0.269  
449393.704  -2420706.612  5384054.928  2407274.648  -0.749  0.066  -0.415  
449393.804  -2420709.523  5384051.153  2407271.864  0.283  0.183  0.277  
449393.904  -2420702.770  5384048.141  2407274.042  0.818  0.727  0.935  
449394.004  -2420694.066  5384047.883  2407279.841  0.567  -0.965  -0.318  
449394.104  -2420634.771  5384009.172  2407277.314  -1.142  0.109  -0.590  
449394.204  -2420643.659  5384016.658  2407281.075  1.194  0.056  0.575  
449394.304  -2420657.654  5384019.222  2407279.437  0.559  -0.059  0.395  
449394.404  -2420664.701  5384026.854  2407282.954  -0.584  0.326  -0.146  
449394.504  -2420675.797  5384031.887  2407282.595  -0.162  -0.422  -0.398  
449394.604  -2420685.687  5384030.788  2407278.961  -0.310  -0.003  -0.180  
449394.704  -2420694.192  5384038.183  2407280.171  -0.168  -0.647  -0.632  
449394.804  -2420703.339  5384044.806  2407281.108  0.180  -0.741  -0.436  
449394.904  -2420714.207  5384046.225  2407277.538  0.765  -0.085  0.220  
449395.004  -2420720.168  5384046.046  2407275.539  0.305  -0.557  0.020  
449395.104  -2420725.859  5384048.709  2407275.130  -0.338  -0.082  -0.333  
449395.204  -2420729.099  5384052.055  2407275.573  -0.621  -0.748  -0.752  
449395.304  -2420727.449  5384052.890  2407277.943  0.806  0.302  0.558  
449395.404  -2420725.616  5384056.753  2407280.989  -0.356  0.425  -0.072  
449395.504  -2420726.657  5384055.730  2407279.693  0.118  -1.268  -0.756  
449395.604  -2420724.269  5384061.737  2407283.914  -0.355  1.361  0.486  
449395.704  -2420719.914  5384069.477  2407291.843  0.498  -0.471  0.027  
449395.804  -2420718.548  5384071.035  2407293.440  -0.764  -0.374  -0.724  
449395.904  -2420711.443  5384073.920  2407299.818  0.069  -0.881  -0.542  
449396.004  -2420706.989  5384077.495  2407304.063  -0.700  -0.887  -0.778  
449396.104  -2420659.488  5384037.675  2407294.291  0.573  0.236  0.447  
449396.204  -2420668.818  5384044.206  2407297.176  0.060  -0.249  -0.077  
449396.304  -2420678.188  5384050.270  2407300.368  -0.196  -0.072  -0.310  
449396.404  -2420682.250  5384053.729  2407302.148  -0.096  -0.392  -0.270  
449396.504  -2420691.019  5384058.739  2407302.722  0.047  -0.776  -0.533  
449396.604  -2420693.473  5384060.644  2407303.397  0.102  0.370  0.257  
449396.704  -2420696.395  5384068.329  2407308.562  -0.449  0.953  0.126  
449396.804  -2420700.539  5384071.957  2407308.880  -0.531  -0.091  -0.334  
449396.904  -2420610.782  5384008.216  2407298.152  -0.470  -0.283  -0.489  
449397.004  -2420642.876  5384034.378  2407303.223  1.038  0.269  0.855  
449397.104  -2420665.869  5384052.654  2407307.141  -0.937  -0.097  -0.409  
449397.204  -2420685.803  5384067.368  2407309.164  0.261  0.541  0.587  
449397.304  -2420699.106  5384084.593  2407315.450  0.550  1.486  1.163  
449397.404  -2420710.423  5384093.738  2407316.740  -1.165  -0.801  -1.312  
449397.504  -2420715.310  5384092.406  2407315.482  0.122  0.600  0.272  
449397.604  -2420717.608  5384090.613  2407313.994  -1.191  -0.522  -0.849  
449397.704  -2420717.032  5384091.217  2407314.819  -0.138  1.406  0.550  
449397.804  -2420674.146  5384053.118  2407302.758  0.486  0.965  0.626  
449397.904  -2420683.972  5384064.003  2407306.296  0.132  1.643  1.007  
449398.004  -2420694.600  5384072.937  2407307.817  0.387  0.856  0.648  
449398.104  -2420704.939  5384083.886  2407309.952  0.015  -1.576  -0.942  
449398.204  -2420710.841  5384088.937  2407311.322  0.245  0.039  0.281  
449398.304  -2420712.955  5384086.518  2407309.343  0.011  -1.213  -0.650  
449398.404  -2420713.643  5384086.279  2407309.794  -0.779  -1.011  -0.903  
449398.504  -2420712.832  5384088.735  2407311.575  0.177  -0.670  -0.807  
449398.604  -2420711.605  5384091.417  2407312.153  -0.340  0.054  -0.173  
449398.704  -2420714.741  5384090.343  2407309.102  -0.355  -0.928  -1.074  
449398.804  -2420711.538  5384089.036  2407308.704  0.003  -0.587  -0.151  
449398.904  -2420710.389  5384082.908  2407305.043  -0.086  -0.517  -0.707  
449399.004  -2420712.554  5384076.733  2407300.033  -0.199  -0.708  -0.427  
449399.104  -2420710.186  5384072.044  2407296.555  0.040  -0.523  -0.362  
449399.204  -2420708.419  5384069.073  2407294.213  -0.035  -0.837  -0.500  
449399.304  -2420710.414  5384068.699  2407290.241  0.156  -0.730  -0.257  
449399.404  -2420708.122  5384065.510  2407287.440  0.390  -0.164  0.044  
449399.504  -2420707.212  5384057.956  2407282.505  0.334  0.027  0.197  
449399.604  -2420706.869  5384053.517  2407278.348  -0.387  -0.757  -0.780  
449399.704  -2420705.793  5384051.642  2407276.561  0.580  1.038  0.878  
449399.804  -2420704.910  5384050.745  2407275.314  -0.022  -0.378  -0.056  
449399.904  -2420702.763  5384053.605  2407276.430  0.312  0.760  0.492  
449400.004  -2420700.798  5384054.691  2407276.624  -0.193  0.756  0.271  
449400.104  -2420695.802  5384054.989  2407277.135  0.212  -0.835  -0.408  
449400.204  -2420707.854  5384062.115  2407288.445  -0.646  -0.797  -0.759  
449400.304  -2420702.902  5384056.653  2407281.897  -0.272  -0.647  -0.437  
449400.404  -2420702.635  5384010.301  2407250.756  -0.341  -0.782  -0.823  
449400.504  -2420696.462  5384016.913  2407253.022  -0.280  0.423  -0.005  
449400.604  -2420688.457  5384025.183  2407256.951  -0.618  0.038  -0.311  
449400.704  -2420688.371  5383986.892  2407232.326  -0.300  -1.206  -0.974  
449400.804  -2420683.591  5383998.307  2407238.403  -0.290  -0.379  -0.713  
449400.904  -2420678.258  5384009.102  2407245.288  -0.479  -0.130  -0.308  
449401.004  -2420677.915  5384018.805  2407247.881  -0.656  -0.654  -0.477  
449401.104  -2420676.599  5384030.015  2407253.315  -0.007  0.314  -0.050  
449401.204  -2420674.543  5384038.042  2407257.733  -0.303  0.435  -0.007  
449401.304  -2420676.417  5384036.736  2407254.738  -0.299  0.393  0.374  
449401.404  -2420673.051  5384040.974  2407259.089  -0.261  -1.041  -0.757  
449401.504  -2420626.772  5384007.100  2407251.731  -0.180  -0.236  -0.157  
449401.604  -2420638.851  5384016.648  2407254.033  -0.243  -0.442  -0.143  
449401.704  -2420648.188  5384025.907  2407257.552  -0.135  -0.410  -0.353  
449401.804  -2420698.344  5384018.372  2407225.669  0.045  0.267  0.224  
449401.904  -2420694.090  5384024.975  2407232.971  -0.187  -0.862  -0.486  
449402.004  -2420691.511  5384030.179  2407239.704  -0.536  1.043  0.576  
449402.104  -2420691.028  5384040.387  2407247.400  0.190  -0.961  -0.287  
449402.204  -2420692.158  5384038.285  2407247.664  -0.294  0.139  0.069  
449402.304  -2420694.283  5384045.531  2407253.537  -0.234  -0.187  -0.208  
449402.404  -2420695.910  5384044.772  2407254.302  -0.221  0.788  0.386  
449402.504  -2420694.199  5384042.502  2407254.144  0.148  -0.919  -0.433  
449402.604  -2420692.589  5384044.071  2407256.069  -0.045  0.448  0.335  
449402.704  -2420690.464  5384047.753  2407258.834  0.435  0.452  0.633  
449402.804  -2420654.585  5384022.415  2407267.489  -0.095  -0.297  0.057  
449402.904  -2420661.753  5384026.024  2407265.003  0.343  -0.223  0.124  
449403.004  -2420666.164  5384023.771  2407260.583  0.887  0.195  0.416  
449403.104  -2420670.649  5384025.236  2407257.650  0.177  0.121  0.212  
449403.204  -2420675.739  5384025.428  2407254.985  0.361  -0.477  -0.315  
449403.304  -2420678.078  5384021.654  2407252.425  0.495  0.317  0.425  
449403.404  -2420678.687  5384024.751  2407255.511  -0.472  -0.735  -0.651  
449403.504  -2420682.157  5384020.028  2407250.975  -0.669  -1.941  -1.293  
449403.604  -2420683.331  5384021.145  2407252.213  -0.296  0.194  -0.007  
449403.704  -2420685.420  5384017.355  2407249.229  -0.961  -0.125  -0.811  
449403.804  -2420633.941  5383970.396  2407237.442  -0.434  0.835  -0.097  
449403.904  -2420647.717  5383982.468  2407241.427  -0.042  0.263  0.072  
449404.004  -2420661.380  5383985.204  2407239.026  0.004  -0.353  -0.230  
449404.104  -2420670.483  5383990.491  2407240.742  0.116  -0.686  -0.640  
449404.204  -2420638.094  5383962.582  2407233.417  -0.437  -0.949  -0.647  
449404.304  -2420657.799  5383970.239  2407233.748  0.625  -0.075  0.076  
449404.404  -2420674.662  5383984.102  2407237.451  -0.488  0.479  0.046  
449404.504  -2420684.325  5383992.014  2407240.346  0.153  -0.869  -0.320  
449404.604  -2420695.149  5383994.875  2407239.378  -0.036  -0.940  -0.677  
449404.704  -2420706.917  5383997.231  2407237.544  0.553  0.256  0.423  
449404.804  -2420713.041  5383998.630  2407237.076  -0.369  0.072  -0.172  
449404.904  -2420720.093  5383989.469  2407230.816  -0.062  1.883  0.788  
449405.004  -2420725.224  5383989.399  2407229.190  -0.499  -2.539  -1.679  
449405.104  -2420726.356  5383988.130  2407229.744  0.182  -0.484  -0.155  
449405.204  -2420726.462  5383993.241  2407233.993  0.234  -0.030  0.129  
449405.304  -2420724.750  5383999.238  2407238.277  -0.013  -0.437  -0.116  
449405.404  -2420722.689  5384005.788  2407243.465  -0.179  0.186  -0.028  
449405.504  -2420681.632  5383971.064  2407235.462  0.196  -0.436  -0.060  
449405.604  -2420693.295  5383983.303  2407239.324  -0.007  0.083  -0.166  
449405.704  -2420655.785  5383955.461  2407231.863  0.352  1.142  0.533  
449405.804  -2420676.097  5383977.124  2407238.491  0.034  2.066  1.131  
449405.904  -2420694.119  5383987.713  2407239.529  0.299  -0.447  -0.113  
449406.004  -2420708.388  5384002.517  2407245.327  -0.140  0.951  0.668  
449406.104  -2420715.220  5384016.904  2407254.307  -0.408  -1.029  -0.656  
449406.204  -2420720.809  5384021.145  2407256.793  -0.009  -1.090  -0.641  
449406.304  -2420723.119  5384020.083  2407256.993  0.125  0.271  0.093  
449406.404  -2420723.401  5384025.540  2407261.952  -0.106  -0.532  -0.316  
449406.504  -2420722.759  5384026.943  2407263.533  -0.496  0.104  -0.121  
449406.604  -2420722.357  5384021.017  2407260.254  0.469  0.395  0.517  
449406.704  -2420717.261  5384034.689  2407269.506  0.004  -0.137  -0.177  
449406.804  -2420720.675  5384027.585  2407262.357  -0.487  -0.833  -0.997  
449406.904  -2420724.681  5383982.408  2407234.823  -0.163  -1.187  -0.920  
449407.004  -2420724.228  5383983.982  2407234.938  -0.422  -0.939  -0.835  
449407.104  -2420726.167  5383982.451  2407231.718  0.006  0.840  0.599  
449407.204  -2420723.115  5383983.088  2407232.887  -0.213  0.242  -0.176  
449407.304  -2420719.678  5383983.920  2407235.696  -0.090  -0.133  -0.216  
449407.404  -2420713.912  5383990.706  2407241.833  -1.057  -1.400  -1.347  
449407.504  -2420707.659  5383998.664  2407248.974  0.348  0.652  0.560  
449407.604  -2420705.990  5383995.248  2407247.335  0.221  -0.350  -0.022  
449407.704  -2420701.662  5383991.113  2407247.424  0.324  -0.266  0.077  
449407.804  -2420700.058  5383989.488  2407247.509  -0.174  0.152  -0.211  
449407.904  -2420702.077  5383981.886  2407242.137  0.202  0.778  0.555  
449408.004  -2420703.405  5383978.826  2407239.202  -0.398  -1.193  -0.895  
449408.104  -2420700.456  5384011.899  2407258.224  0.712  1.139  0.905  
449408.204  -2420649.371  5383958.226  2407241.088  -0.392  -0.040  -0.113  
449408.304  -2420661.793  5383953.704  2407235.695  0.463  0.469  0.575  
449408.404  -2420673.854  5383960.468  2407235.493  -0.025  -0.526  -0.400  
449408.504  -2420683.779  5383965.396  2407234.308  0.230  0.311  0.267  
449408.604  -2420692.647  5383971.365  2407234.298  0.569  -0.429  0.145  
449408.704  -2420697.747  5383978.957  2407235.867  -0.643  0.175  -0.313  
449408.804  -2420702.003  5383983.663  2407236.785  -0.450  -1.629  -1.387  
449408.904  -2420709.318  5383946.737  2407213.825  -0.198  -0.567  -0.366  
449409.004  -2420707.927  5383958.694  2407221.147  -0.063  -0.090  0.198  
449409.104  -2420706.748  5383975.635  2407231.779  0.263  0.729  0.373  
449409.204  -2420707.208  5383977.913  2407232.576  -0.474  1.915  0.822  
449409.304  -2420662.422  5383955.086  2407232.242  0.384  1.738  1.161  
449409.404  -2420675.219  5383955.034  2407227.932  -0.569  -2.350  -1.696  
449409.504  -2420685.514  5383967.708  2407231.520  0.648  2.362  1.778  
449409.604  -2420650.258  5383905.821  2407205.699  -0.149  -0.520  -0.367  
449409.704  -2420667.067  5383933.436  2407215.633  -0.930  -0.226  -0.553  
449409.804  -2420681.613  5383953.767  2407222.558  -0.217  -0.211  -0.004  
449409.904  -2420689.454  5383974.595  2407232.099  0.119  -0.591  -0.461  
449410.004  -2420692.645  5383979.926  2407234.742  0.378  0.232  0.570  
449410.104  -2420695.276  5383988.314  2407239.330  -0.314  -0.453  -0.330  
449410.204  -2420697.571  5383998.093  2407244.165  -0.140  0.852  0.569  
449410.304  -2420698.380  5383999.693  2407245.712  -0.008  0.475  0.245  
449410.404  -2420697.272  5384000.218  2407245.736  -1.152  -0.382  -0.799  
449410.504  -2420696.607  5383988.312  2407239.387  -0.381  -0.145  -0.498  
449410.604  -2420695.191  5383980.310  2407235.395  -0.894  -1.911  -1.571  
449410.704  -2420693.578  5383979.230  2407233.891  0.178  -0.463  -0.135  
449410.804  -2420690.679  5383977.787  2407234.220  0.041  0.507  0.273  
449410.904  -2420687.173  5383978.452  2407235.445  0.243  -0.595  -0.510  
449411.004  -2420685.198  5383979.052  2407235.349  0.982  -0.557  0.118  
449411.104  -2420684.045  5383982.719  2407235.876  0.260  -0.754  -0.489  
449411.204  -2420632.233  5383943.693  2407227.426  -0.225  -0.114  -0.347  
449411.304  -2420644.205  5383943.086  2407222.849  0.656  1.056  1.123  
449411.404  -2420654.787  5383948.902  2407221.261  0.936  1.558  1.288  
449411.504  -2420660.199  5383952.761  2407222.850  0.151  -1.904  -0.860  
449411.604  -2420668.559  5383954.983  2407221.827  -0.047  0.450  0.312  
449411.704  -2420670.824  5383956.337  2407224.370  0.519  1.113  0.806  
449411.804  -2420671.577  5383965.045  2407231.184  1.138  -0.737  0.294  
449411.904  -2420671.039  5383971.071  2407236.105  -1.541  -0.449  -1.034  
449412.004  -2420673.811  5383972.300  2407235.394  -0.992  -0.412  -0.659  
449412.104  -2420629.545  5383889.887  2407201.234  0.863  0.362  0.671  
449412.204  -2420647.254  5383915.174  2407210.223  0.654  0.218  0.434  
449412.304  -2420661.115  5383928.155  2407214.286  -0.600  -0.820  -0.929  
449412.404  -2420672.220  5383939.274  2407217.577  0.623  -0.718  -0.149  
449412.504  -2420681.739  5383946.004  2407218.766  0.404  0.842  0.660  
449412.604  -2420688.044  5383943.293  2407215.614  0.336  0.199  0.147  
449412.704  -2420689.752  5383952.105  2407221.728  0.087  -1.306  -0.860  
449412.804  -2420690.255  5383966.404  2407230.075  0.026  -0.020  -0.113  
449412.904  -2420690.313  5383974.216  2407235.288  0.192  1.000  0.556  
449413.004  -2420692.031  5383972.573  2407232.824  -0.410  0.305  -0.229  
449413.104  -2420691.640  5383967.576  2407228.891  0.182  0.297  0.265  
449413.204  -2420698.438  5383919.205  2407197.931  -0.661  -0.470  -0.519  
449413.304  -2420697.116  5383939.283  2407209.284  -0.318  -2.160  -1.288  
449413.404  -2420697.367  5383952.983  2407217.288  0.037  -1.400  -0.793  
449413.504  -2420696.453  5383956.433  2407219.770  0.175  -0.228  -0.263  
449413.604  -2420699.606  5383926.448  2407201.531  -0.166  1.562  0.823  
449413.704  -2420702.018  5383901.299  2407185.327  -0.381  -1.856  -1.294  
449413.804  -2420698.331  5383910.762  2407192.178  0.299  0.295  0.206  
449413.904  -2420696.650  5383925.233  2407201.303  0.294  -0.069  0.026  
449414.004  -2420693.973  5383944.620  2407213.573  0.257  0.691  0.590  
449414.104  -2420694.497  5383954.416  2407219.183  0.021  0.103  0.262  
449414.204  -2420690.056  5383972.591  2407232.232  -0.059  1.294  0.744  
449414.304  -2420693.880  5383939.556  2407212.695  -0.605  -0.573  -0.837  
449414.404  -2420690.311  5383962.060  2407227.787  -0.043  0.563  0.453  
449414.504  -2420694.840  5383939.802  2407213.533  0.331  -1.539  -0.828  
449414.604  -2420692.848  5383953.079  2407222.526  -0.521  -0.288  -0.308  
449414.704  -2420692.698  5383971.876  2407234.373  0.295  0.126  -0.028  
449414.804  -2420690.227  5383992.661  2407246.167  -0.370  -0.510  -0.592  
449414.904  -2420685.460  5384009.008  2407256.808  0.313  0.587  0.589  
449415.004  -2420638.258  5383927.595  2407222.976  0.169  -0.084  -0.077  
449415.104  -2420651.223  5383939.058  2407226.119  0.309  -0.156  -0.091  
449415.204  -2420658.557  5383950.682  2407230.851  0.880  0.716  0.888  
449415.304  -2420668.277  5383966.392  2407236.828  -0.792  -0.826  -0.805  
449415.404  -2420683.903  5383941.119  2407217.913  -0.593  -0.182  -0.495  
449415.504  -2420691.721  5383927.821  2407208.519  0.047  0.091  0.021  
449415.604  -2420696.812  5383944.577  2407216.618  -0.103  -1.731  -0.993  
449415.704  -2420698.798  5383971.545  2407232.788  0.122  0.190  0.184  
449415.804  -2420699.038  5383987.673  2407242.135  0.247  1.132  0.869  
449415.904  -2420702.337  5383995.782  2407245.503  -0.133  1.722  0.856  
449416.004  -2420704.543  5384002.662  2407248.744  0.095  0.647  0.322  
449416.104  -2420711.085  5383971.666  2407229.280  0.127  -0.330  -0.235  
449416.204  -2420710.080  5383994.089  2407242.031  0.296  -0.882  -0.179  
449416.304  -2420707.967  5384004.809  2407248.761  -0.074  0.150  -0.049  
449416.404  -2420708.249  5384010.477  2407252.692  -0.571  -0.723  -0.494  
449416.504  -2420710.484  5384009.289  2407251.188  0.443  -0.616  -0.196  
449416.604  -2420712.709  5384010.612  2407250.876  0.441  0.667  0.451  
449416.704  -2420712.793  5384006.370  2407248.879  -0.262  0.255  0.003  
449416.804  -2420669.168  5383986.613  2407250.555  -0.035  1.258  0.651  
449416.904  -2420677.411  5384010.093  2407262.054  0.369  0.617  0.431  
449417.004  -2420634.573  5383987.142  2407260.840  0.441  -0.535  -0.200  
449417.104  -2420650.554  5384021.657  2407277.694  -0.178  -1.003  -0.719  
449417.204  -2420669.637  5384034.935  2407279.956  0.594  1.292  1.227  
449417.304  -2420686.498  5384042.911  2407279.774  0.450  0.682  0.481  
449417.404  -2420700.211  5384039.333  2407273.800  0.161  -0.506  -0.194  
449417.504  -2420710.094  5384032.202  2407267.244  -0.480  -2.786  -1.729  
449417.604  -2420716.819  5384036.929  2407267.901  -0.385  -0.314  -0.351  
449417.704  -2420715.948  5384048.139  2407275.426  -0.565  -0.317  -0.415  
449417.804  -2420716.713  5384045.924  2407273.341  0.378  -1.396  -0.417  
449417.904  -2420715.695  5384055.545  2407279.278  -0.170  -0.014  -0.275  
449418.004  -2420715.275  5384065.432  2407284.117  -0.300  -0.522  -0.623  
449418.104  -2420665.144  5384030.950  2407276.715  0.119  0.737  0.206  
449418.204  -2420676.857  5384035.516  2407275.071  0.686  1.297  1.077  
449418.304  -2420684.682  5384038.997  2407274.567  0.492  0.091  0.238  
449418.404  -2420693.548  5384002.229  2407250.519  0.760  1.138  1.119  
449418.504  -2420697.737  5384008.400  2407252.202  0.191  -0.197  0.020  
449418.604  -2420702.334  5384008.031  2407249.596  0.131  0.268  0.152  
449418.704  -2420705.956  5384011.025  2407249.951  -0.265  -0.411  -0.120  
449418.804  -2420709.647  5384016.982  2407251.687  0.473  0.511  0.386  
449418.904  -2420709.971  5384024.357  2407255.129  0.459  -1.130  -0.535  
449419.004  -2420709.540  5384026.962  2407257.438  -0.250  -0.821  -0.785  
449419.104  -2420709.995  5384025.820  2407256.986  0.124  2.520  1.752  
449419.204  -2420708.943  5384017.373  2407251.941  0.009  0.304  0.021  
449419.304  -2420704.336  5384041.531  2407267.363  0.283  -1.081  -0.474  
449419.404  -2420702.418  5384037.523  2407266.111  -0.676  0.729  0.030  
449419.504  -2420702.336  5384034.820  2407265.204  0.366  0.473  0.388  
449419.604  -2420700.273  5384041.402  2407269.162  -0.720  -1.361  -1.265  
449419.704  -2420698.738  5384046.159  2407272.546  0.266  1.019  0.713  
449419.804  -2420697.084  5384055.496  2407279.041  -0.134  -0.351  -0.430  
449419.904  -2420697.189  5384055.194  2407278.757  0.241  -0.394  -0.147  
449420.004  -2420697.153  5384058.089  2407279.365  0.189  0.590  0.354  
449420.104  -2420699.147  5384052.848  2407275.489  0.427  1.854  1.196  
449420.204  -2420699.970  5384044.296  2407270.424  -0.347  0.449  0.072  
449420.304  -2420702.158  5384036.199  2407263.750  -0.302  -1.656  -1.161  
449420.404  -2420702.336  5384040.004  2407265.427  -0.386  0.807  0.175  
449420.504  -2420699.278  5384048.065  2407270.798  0.195  1.076  0.754  
449420.604  -2420704.503  5384016.730  2407250.871  0.111  0.222  -0.026  
449420.704  -2420704.683  5384024.968  2407254.793  0.202  -0.368  -0.212  
449420.804  -2420701.618  5384029.760  2407258.605  -0.248  -1.795  -1.106  
449420.904  -2420701.527  5384032.010  2407259.212  -0.173  -1.435  -0.828  
449421.004  -2420698.120  5384049.050  2407270.042  -0.029  -0.153  -0.086  
449421.104  -2420644.234  5384010.342  2407262.383  -0.378  1.833  0.831  
449421.204  -2420657.309  5384029.351  2407269.638  0.897  0.311  0.418  
449421.304  -2420667.686  5384046.421  2407275.931  0.010  0.416  0.060  
449421.404  -2420675.632  5384072.634  2407289.410  0.368  0.545  0.591  
449421.504  -2420683.370  5384086.921  2407295.793  0.020  0.065  0.032  
449421.604  -2420684.628  5384110.963  2407310.203  -0.556  -2.539  -1.753  
449421.704  -2420686.271  5384131.097  2407321.767  -0.464  -0.309  -0.345  
449421.804  -2420690.062  5384143.640  2407327.866  -0.218  0.097  -0.047  
449421.904  -2420688.495  5384157.440  2407337.570  0.242  0.088  0.307  
449422.004  -2420686.436  5384182.617  2407352.974  -0.737  -0.374  -0.739  
449422.104  -2420683.084  5384201.993  2407364.920  -0.184  -0.849  -0.675  
449422.204  -2420679.370  5384232.638  2407383.796  -0.384  -2.357  -1.431  
449422.304  -2420674.656  5384259.086  2407400.803  -0.265  0.519  0.236  
449422.404  -2420672.411  5384280.492  2407413.516  0.526  -0.175  0.146  
449422.504  -2420671.019  5384303.826  2407427.783  0.330  0.133  0.151  
449422.604  -2420670.016  5384324.314  2407439.165  0.833  0.984  1.002  
449422.704  -2420619.964  5384297.740  2407437.644  0.210  -1.037  -0.705  
449422.804  -2420630.676  5384318.808  2407446.823  -0.251  0.378  0.209  
449422.904  -2420641.522  5384334.795  2407453.287  0.096  0.508  0.343  
449423.004  -2420648.443  5384350.090  2407460.656  0.143  1.141  0.635  
449423.104  -2420654.610  5384368.893  2407469.279  -0.108  -0.484  -0.462  
449423.204  -2420665.971  5384344.687  2407452.751  -0.087  1.331  0.582  
449423.304  -2420671.559  5384353.112  2407455.862  -0.409  -0.829  -0.758  
449423.404  -2420670.864  5384371.447  2407467.100  0.051  -1.312  -0.592  
449423.504  -2420673.095  5384372.377  2407466.610  0.236  -0.553  -0.415  
449423.604  -2420671.753  5384376.507  2407469.744  0.376  0.515  0.430  
449423.704  -2420669.945  5384377.429  2407470.981  0.805  -0.075  0.195  
449423.804  -2420665.771  5384375.752  2407472.834  -0.434  -0.578  -0.417  
449423.904  -2420663.110  5384383.811  2407478.104  0.289  -1.234  -0.546  
449424.004  -2420667.663  5384327.929  2407444.889  -0.197  0.936  0.360  
449424.104  -2420668.536  5384315.114  2407437.305  0.156  1.870  0.782  
449424.204  -2420670.282  5384301.563  2407429.567  -0.047  -1.563  -0.861  
449424.304  -2420670.096  5384297.865  2407427.124  -0.152  -0.418  -0.423  
449424.404  -2420672.417  5384293.823  2407424.116  -0.078  0.625  0.212  
449424.504  -2420679.119  5384246.190  2407395.479  0.475  1.394  0.943  
449424.604  -2420683.327  5384233.525  2407386.529  0.122  2.530  1.511  
449424.704  -2420683.808  5384228.426  2407382.387  0.207  -0.089  -0.048  
449424.804  -2420685.406  5384225.455  2407379.536  0.134  0.775  0.572  
449424.904  -2420686.553  5384219.874  2407376.209  -0.261  -0.241  -0.164  
449425.004  -2420687.930  5384208.629  2407368.458  0.177  0.911  0.713  
449425.104  -2420688.676  5384195.553  2407360.852  -0.469  -1.990  -1.226  
449425.204  -2420647.697  5384154.902  2407349.562  0.153  1.091  0.732  
449425.304  -2420624.932  5384181.056  2407382.489  0.266  -0.129  -0.200  
449425.404  -2420643.307  5384181.673  2407375.190  -0.262  -0.265  -0.256  
449425.504  -2420659.647  5384185.682  2407371.086  -0.274  -0.551  -0.264  
449425.604  -2420672.715  5384185.554  2407365.803  0.149  0.003  0.129  
449425.704  -2420684.234  5384185.815  2407361.345  0.171  1.755  1.190  
449425.804  -2420637.809  5384161.253  2407358.721  -0.282  -0.818  -0.593  
449425.904  -2420657.487  5384177.287  2407361.066  0.619  0.816  0.528  
449426.004  -2420673.321  5384187.758  2407362.624  -0.220  -1.105  -0.802  
449426.104  -2420684.370  5384198.093  2407365.977  0.739  0.410  0.647  
449426.204  -2420690.960  5384214.312  2407373.751  -0.155  1.175  0.587  
449426.304  -2420702.024  5384181.896  2407352.070  0.481  -0.472  -0.030  
449426.404  -2420704.681  5384184.591  2407353.476  -0.101  0.435  0.234  
449426.504  -2420706.031  5384187.021  2407355.384  0.222  -0.013  -0.011  
449426.604  -2420707.941  5384178.003  2407349.524  0.174  -0.862  -0.389  
449426.704  -2420707.977  5384176.653  2407349.023  -0.366  -0.799  -0.719  
449426.804  -2420706.262  5384188.978  2407356.413  0.106  -0.105  0.081  
449426.904  -2420705.795  5384194.125  2407359.387  0.004  -2.199  -1.282  
449427.004  -2420649.362  5384170.856  2407362.010  0.393  3.089  1.815  
449427.104  -2420661.732  5384177.151  2407362.914  0.077  -1.169  -0.756  
449427.204  -2420682.666  5384104.323  2407314.729  0.360  0.724  0.523  
449427.304  -2420688.206  5384122.242  2407322.903  -0.035  -1.864  -1.260  
449427.404  -2420693.639  5384122.455  2407321.002  -0.030  0.788  0.327  
449427.504  -2420698.248  5384130.899  2407322.970  0.008  -0.223  -0.105  
449427.604  -2420700.733  5384145.120  2407329.176  0.654  1.967  1.531  
449427.704  -2420700.982  5384158.576  2407336.001  0.041  0.112  0.054  
449427.804  -2420707.752  5384120.604  2407311.620  -0.101  -1.511  -1.015  
449427.904  -2420705.758  5384131.924  2407317.269  0.491  1.703  1.148  
449428.004  -2420704.427  5384126.089  2407313.963  0.163  -2.463  -1.258  
449428.104  -2420702.583  5384125.653  2407314.075  -0.076  0.158  0.041  
449428.204  -2420698.862  5384129.034  2407317.663  0.333  -0.281  -0.314  
449428.304  -2420695.886  5384120.301  2407313.115  0.433  -1.033  -0.455  
449428.404  -2420692.333  5384120.303  2407314.681  0.105  1.336  0.934  
449428.504  -2420690.093  5384109.624  2407309.340  -0.340  -1.716  -1.277  
449428.604  -2420689.659  5384095.290  2407300.440  -0.555  -0.449  -0.101  
449428.704  -2420687.698  5384087.649  2407296.824  -0.206  -1.765  -0.958  
449428.804  -2420683.987  5384086.309  2407296.968  -0.443  -0.631  -0.475  
449428.904  -2420682.979  5384074.195  2407290.665  0.340  -0.089  -0.035  
449429.004  -2420667.150  5384058.833  2407273.969  0.791  0.995  0.690  
449429.104  -2420671.333  5384054.488  2407273.408  -0.369  0.636  0.059  
449429.204  -2420676.027  5384043.863  2407268.721  -0.695  -1.156  -0.555  
449429.304  -2420679.036  5384033.173  2407264.369  -0.174  0.160  0.149  
449429.404  -2420680.525  5384025.189  2407260.079  0.581  -0.959  -0.531  
449429.504  -2420684.055  5384018.836  2407257.858  -0.441  -0.749  -0.445  
449429.604  -2420684.936  5384030.330  2407264.813  -0.197  -0.551  -0.235  
449429.704  -2420688.552  5384016.184  2407256.094  0.285  0.848  0.549  
449429.804  -2420694.166  5384003.054  2407248.861  0.068  -0.758  -0.230  
449429.904  -2420653.227  5383961.727  2407237.151  -0.084  -2.311  -1.317  
449430.004  -2420672.803  5383926.320  2407211.842  0.274  -0.842  -0.572  
449430.104  -2420687.091  5383935.744  2407213.371  0.076  0.636  0.416  
449430.204  -2420696.568  5383937.676  2407212.327  -0.622  0.033  -0.255  
449430.304  -2420703.531  5383941.400  2407212.267  0.556  3.464  2.092  
449430.404  -2420712.985  5383905.329  2407189.277  -0.177  -0.519  -0.371  
449430.504  -2420716.166  5383919.934  2407195.851  -0.187  0.435  0.070  
449430.604  -2420716.195  5383943.582  2407208.201  -0.142  -2.174  -1.387  
449430.704  -2420717.923  5383952.167  2407212.668  0.927  2.713  1.879  
449430.804  -2420724.034  5383923.419  2407193.545  0.298  0.448  0.403  
449430.904  -2420722.650  5383949.911  2407209.666  -0.154  -0.729  -0.482  
449431.004  -2420720.415  5383967.424  2407221.689  -0.141  0.693  0.372  
449431.104  -2420720.176  5383972.111  2407225.338  0.403  -0.863  -0.520  
449431.204  -2420720.236  5383982.254  2407231.666  -0.017  -0.341  -0.207  
449431.304  -2420730.897  5383996.022  2407248.284  0.199  -2.432  -1.434  
449431.404  -2420723.598  5383997.012  2407247.542  0.536  0.584  0.611  
449431.504  -2420718.700  5383996.497  2407246.127  0.367  0.416  0.448  
449431.604  -2420711.968  5384020.054  2407258.978  -0.078  0.416  0.161  
449431.704  -2420705.904  5384032.075  2407265.257  0.764  1.296  1.073  
449431.804  -2420655.908  5384010.489  2407264.907  0.640  1.747  1.402  
449431.904  -2420664.653  5384033.313  2407274.588  0.300  0.004  0.039  
449432.004  -2420674.551  5384050.062  2407281.173  0.107  0.694  0.409  
449432.104  -2420678.698  5384068.325  2407290.533  0.059  1.519  0.952  
449432.204  -2420639.686  5384040.043  2407284.718  -0.135  -0.370  -0.140  
449432.304  -2420661.268  5384046.485  2407281.961  -0.397  -2.176  -1.212  
449432.404  -2420675.532  5384042.822  2407275.971  0.843  1.946  1.297  
449432.504  -2420688.049  5384044.437  2407274.038  -0.021  -0.769  -0.398  
449432.604  -2420700.039  5384048.104  2407273.320  -0.382  0.749  0.470  
449432.704  -2420702.637  5384088.514  2407296.597  -0.183  1.466  0.654  
449432.804  -2420711.231  5384063.489  2407280.802  -0.435  -3.568  -2.224  
449432.904  -2420714.386  5384070.242  2407284.832  -0.350  -1.761  -1.325  
449433.004  -2420718.294  5384059.957  2407278.677  -0.392  -3.591  -2.118  
449433.104  -2420723.388  5384036.291  2407265.167  -0.141  -1.208  -0.657  
449433.204  -2420726.202  5384021.852  2407256.196  -0.603  -2.382  -1.632  
449433.304  -2420729.078  5383995.283  2407240.101  -0.266  -1.737  -1.143  
449433.404  -2420728.085  5383991.876  2407238.042  -0.095  -0.900  -0.560  
449433.504  -2420727.909  5383980.487  2407230.524  -0.590  -2.488  -1.603  
449433.604  -2420731.850  5383938.947  2407205.262  -0.180  -1.384  -0.883  
449433.704  -2420715.683  5383930.761  2407191.923  -0.358  -3.312  -1.952  
449433.804  -2420719.705  5383928.018  2407191.741  -0.634  -3.132  -2.011  
449433.904  -2420723.056  5383926.803  2407191.955  -0.456  -5.058  -3.074  
449434.004  -2420726.786  5383923.147  2407191.678  -0.231  -3.895  -2.249  
449434.104  -2420727.081  5383929.077  2407197.731  -0.805  -4.003  -2.554  
449434.204  -2420728.621  5383929.901  2407199.361  -0.387  -1.829  -1.129  
449434.304  -2420729.255  5383925.045  2407197.956  -0.866  -3.506  -2.408  
449434.404  -2420730.626  5383908.114  2407189.341  0.290  -1.291  -0.673  
449434.504  -2420730.068  5383889.184  2407179.127  -0.140  -2.191  -1.260  
449434.604  -2420732.029  5383873.259  2407169.469  0.164  -0.675  -0.298  
449434.704  -2420729.623  5383880.147  2407174.120  -0.053  -1.452  -0.990  
449434.804  -2420730.009  5383876.799  2407172.573  -0.350  -6.270  -3.742  
449434.904  -2420728.523  5383876.101  2407173.945  -0.297  -5.289  -2.988  
449435.004  -2420727.380  5383873.019  2407172.349  -1.586  -6.355  -4.215  
449435.104  -2420728.184  5383867.267  2407168.721  -1.103  -5.190  -3.209  
449435.204  -2420727.102  5383865.635  2407167.728  -0.857  -5.233  -3.317  
449435.304  -2420728.860  5383853.259  2407159.686  -0.633  -3.774  -2.311  
449435.404  -2420731.024  5383857.312  2407160.947  -0.156  -3.755  -2.314  
449435.504  -2420771.598  5383832.232  2407122.196  -0.764  -4.583  -2.779  
449435.604  -2420761.042  5383832.812  2407128.645  -0.679  -2.262  -1.509  
449435.704  -2420750.500  5383832.660  2407132.885  -0.627  -0.793  -0.544  
449435.804  -2420692.813  5383776.997  2407118.173  -0.631  -4.409  -2.869  
449435.904  -2420698.934  5383794.802  2407127.658  -0.213  -1.147  -0.828  
449436.004  -2420711.335  5383765.969  2407107.546  -0.799  -2.860  -1.973  
449436.104  -2420718.778  5383769.279  2407107.642  -0.181  0.212  0.084  
449436.204  -2420723.866  5383779.778  2407113.275  -0.341  -3.454  -1.992  
449436.304  -2420728.670  5383787.586  2407116.945  -0.784  -2.557  -1.614  
449436.404  -2420734.986  5383779.376  2407110.875  -0.976  -5.004  -3.071  
449436.504  -2420738.429  5383783.481  2407112.681  -0.213  -2.323  -1.430  
449436.604  -2420741.262  5383759.662  2407098.845  -0.684  -1.693  -1.171  
449436.704  -2420742.401  5383754.515  2407095.441  -0.131  -2.113  -1.306  
449436.804  -2420740.595  5383776.843  2407108.189  -1.045  -2.754  -1.870  
449436.904  -2420743.328  5383770.481  2407103.300  -0.832  -4.292  -2.593  
449437.004  -2420744.482  5383766.727  2407100.823  -0.245  -2.321  -1.364  
449437.104  -2420744.172  5383766.280  2407099.685  -0.134  -1.944  -1.164  
449437.204  -2420745.284  5383760.425  2407095.999  -0.143  -2.571  -1.434  
449437.304  -2420744.312  5383761.123  2407095.996  -0.270  -3.995  -2.437  
449437.404  -2420747.368  5383744.847  2407084.646  -0.570  -1.525  -1.063  
449437.504  -2420749.487  5383731.787  2407075.744  -0.771  -2.255  -1.640  
449437.604  -2420749.478  5383733.430  2407075.716  -0.722  -3.350  -2.244  
449437.704  -2420699.543  5383649.944  2407040.548  -0.395  -3.472  -2.023  
449437.804  -2420712.514  5383659.964  2407041.812  -0.653  -5.329  -3.118  
449437.904  -2420720.942  5383683.094  2407052.436  0.041  -1.069  -0.662  
449438.004  -2420729.474  5383699.253  2407059.935  0.026  -1.473  -0.982  
449438.104  -2420736.365  5383714.041  2407066.885  -0.063  -1.865  -0.991  
449438.204  -2420746.818  5383695.552  2407053.447  -0.355  -1.307  -0.850  
449438.304  -2420749.869  5383717.181  2407065.883  -0.570  -2.642  -1.663  
449438.404  -2420753.159  5383730.250  2407072.765  -0.656  -2.170  -1.593  
449438.504  -2420752.320  5383750.863  2407084.227  -0.062  0.423  0.115  
449438.604  -2420753.374  5383756.330  2407087.583  -0.614  -2.417  -1.582  
449438.704  -2420758.755  5383726.858  2407070.114  -0.152  -1.853  -1.177  
449438.804  -2420755.833  5383735.608  2407075.687  0.219  0.391  0.367  
449438.904  -2420754.779  5383744.702  2407081.646  -0.248  -2.249  -1.353  
449439.004  -2420750.890  5383758.367  2407091.137  0.337  2.295  1.488  
449439.104  -2420749.781  5383764.778  2407096.224  -0.430  -0.042  -0.124  
449439.204  -2420744.736  5383785.075  2407110.353  0.458  3.036  1.885  
449439.304  -2420745.515  5383785.488  2407111.927  0.264  3.479  2.088  
449439.404  -2420745.047  5383791.839  2407115.737  -0.033  2.286  1.499  
449439.504  -2420742.007  5383805.171  2407125.204  -0.499  -0.167  -0.295  
449439.604  -2420741.438  5383819.640  2407133.712  0.267  0.663  0.640  
449439.704  -2420740.486  5383841.409  2407147.164  0.450  2.696  1.691  
449439.804  -2420735.972  5383858.921  2407158.631  0.530  1.678  0.892  
449439.904  -2420732.769  5383884.600  2407173.960  -0.024  0.461  0.203  
449440.004  -2420728.925  5383915.422  2407193.280  0.075  1.329  1.056  
449440.104  -2420724.396  5383944.700  2407212.624  0.489  3.098  2.066  
449440.204  -2420718.016  5383987.607  2407239.574  -0.460  -1.367  -0.932  
449440.304  -2420714.425  5384001.463  2407248.427  0.277  1.620  0.973  
449440.404  -2420711.176  5384010.515  2407255.784  -0.083  -0.789  -0.671  
449440.504  -2420708.958  5384019.026  2407260.999  -0.104  1.232  0.697  
449440.604  -2420706.110  5384043.515  2407276.709  -0.066  2.414  1.205  
449440.704  -2420704.706  5384054.053  2407282.788  0.321  1.249  0.860  
449440.804  -2420704.995  5384070.788  2407292.976  0.203  2.356  1.305  
449440.904  -2420703.991  5384077.616  2407296.059  0.417  3.742  2.372  
449441.004  -2420691.178  5384065.342  2407280.933  -0.510  -1.492  -1.067  
449441.104  -2420691.475  5384074.203  2407287.615  -0.242  -0.323  -0.162  
449441.204  -2420696.823  5384068.034  2407285.254  -0.071  0.495  0.319  
449441.304  -2420700.870  5384055.664  2407279.180  0.907  2.783  1.923  
449441.404  -2420701.170  5384052.786  2407279.500  0.548  2.606  1.594  
449441.504  -2420702.857  5384058.896  2407283.759  0.683  1.877  1.105  
449441.604  -2420702.150  5384063.454  2407288.541  1.375  2.720  2.061  
449441.704  -2420702.688  5384066.568  2407291.539  0.879  3.408  2.271  
449441.804  -2420705.634  5384058.702  2407287.152  0.827  4.146  2.558  
